1.395103564445529520e-02
1.437877705351739942e-02
1.389020912509505122e-02
1.549935049648372247e-02
1.647490108427348068e-02
1.331809471111462979e-02
1.487015939530554262e-02
1.162968693013563364e-02
9.908425000046801323e-03
1.663083187271826788e-02
1.704912863347891883e-02
1.554189487897023741e-02
1.451874104331128852e-02
1.706395142298977596e-02
1.689736051138903197e-02
1.522129976276243371e-02
1.315329448316358146e-02
1.428117925216750538e-02
1.323285989892035615e-02
1.805681385864748092e-02
1.196827353280550434e-02
1.375933620331704597e-02
1.524518889738543138e-02
1.935099915637564921e-02
1.478316997668351583e-02
1.313006498063759575e-02
1.402238096586138662e-02
1.275875269020996898e-02
1.371252718261307089e-02
1.380408944488709273e-02
1.836248984401936055e-02
1.365114986658629882e-02
1.282447363600099088e-02
1.502695134585657274e-02
1.342468854936398198e-02
1.475142844233705286e-02
1.346279097901520276e-02
1.386541875692643734e-02
1.432865930039354564e-02
1.846350766492680165e-02
1.234600248528495287e-02
1.496276343551785314e-02
1.067196971685242281e-02
1.311405947265082382e-02
1.605260496054371211e-02
1.406963420720475262e-02
1.073975200319218608e-02
1.243602884726373314e-02
1.319875856788110639e-02
1.109873520141583733e-02
1.160958431854027494e-02
1.780093902953378687e-02
1.437131890430339703e-02
1.666483760049237636e-02
1.807785836440742311e-02
1.306313477140555283e-02
1.625427942641773787e-02
1.222801773583466478e-02
1.553304195518532237e-02
1.262992522498919412e-02
1.318825215464782853e-02
1.094964331928753934e-02
1.373064866086950303e-02
1.345712915096736011e-02
1.380462000504577638e-02
1.630022794650118692e-02
1.470575251396974426e-02
1.371353947664874506e-02
1.379386577064451065e-02
1.316873829735189932e-02
