1.583221634048755100e-02
1.567435494819942321e-02
1.449722295545372193e-02
2.010783720784824896e-02
1.338024059523550829e-02
1.242891543285351390e-02
1.319548801934399690e-02
9.853903995136734095e-03
1.147729890127550077e-02
1.184666493115167293e-02
1.581545716185274106e-02
1.113939071716079157e-02
1.352585882948949270e-02
1.271951963207956608e-02
1.254245568743476112e-02
1.462016123947892238e-02
1.486692166214807244e-02
1.744743922331538910e-02
1.316702822997974261e-02
1.403444609004302415e-02
1.329433677370518707e-02
1.732735692725898002e-02
1.339056318812964150e-02
1.052393973206052630e-02
1.248966259781118110e-02
1.599611564631838942e-02
1.335332713499494221e-02
1.406646719338295291e-02
1.829189824078699539e-02
1.407179681027846685e-02
1.670548643429510538e-02
1.436052508761476859e-02
1.711761948255229385e-02
1.451909913426446298e-02
1.679253960142432917e-02
1.666522410734489965e-02
1.607460481175164435e-02
1.160631852242013061e-02
1.384699823362388858e-02
1.488960597868114674e-02
1.526667219054853898e-02
9.525195557035157773e-03
1.857426297558069025e-02
1.400221204412933386e-02
1.270928954163084122e-02
1.289800791752443443e-02
1.065524306456146209e-02
1.077749052300133563e-02
1.638631553803130553e-02
1.603153914088551596e-02
1.660381488033772779e-02
1.220926835932221143e-02
1.589315503690145320e-02
1.500091095357171042e-02
1.646457692101968226e-02
1.304727895028072460e-02
1.957551606977549902e-02
1.590441584734907099e-02
1.357980176009979459e-02
1.145074177537941038e-02
1.485104770382648237e-02
1.201272143100743338e-02
1.449655581152658676e-02
1.228577078753683403e-02
1.614314566668260259e-02
1.150186475469478116e-02
1.492053169388505261e-02
1.453023532376290436e-02
1.464859677511072024e-02
1.449751356633224852e-02
