1.467316234278620048e-02
1.733976777475642120e-02
1.559652317635462984e-02
1.360943868035618086e-02
1.062283873784054637e-02
1.117210856662429787e-02
1.927661813278105235e-02
1.268547635837048541e-02
1.354722729337413598e-02
1.417155972401656222e-02
1.384804677552446857e-02
1.563555547745094920e-02
1.122959412636448905e-02
1.178189048049173814e-02
1.021131164816547685e-02
1.785581582183857000e-02
1.512141080377198653e-02
1.563367415195301632e-02
1.158398197145795762e-02
1.542942688135826544e-02
1.189999859664023045e-02
1.673839453115300718e-02
1.240305206795787145e-02
1.589593578222999251e-02
1.093004009511318320e-02
1.368583177296210825e-02
1.394790335259226723e-02
1.458453116011455483e-02
1.830341201215617691e-02
1.281813782939053223e-02
1.359260123887558354e-02
9.986402461497968439e-03
1.110781207836118202e-02
1.530811555559199837e-02
1.635132269710940639e-02
1.667842882069505567e-02
1.450550073176438796e-02
1.160474760070099101e-02
1.730651305004981058e-02
1.726656466455333064e-02
9.748054950875030544e-03
1.794538669611860440e-02
1.500053303636481386e-02
1.302095258905105850e-02
1.384870805592454401e-02
1.414435778940724420e-02
1.388247701945090166e-02
1.125914658475478392e-02
1.423097340501670166e-02
1.649849268388705464e-02
1.863871857940920321e-02
1.322070661452210381e-02
1.345096460210655313e-02
1.883337162100075235e-02
1.620574052642232907e-02
1.549557208898614223e-02
8.140328227898624078e-03
1.527872648197542774e-02
1.274270706607772384e-02
1.121920037444866514e-02
1.363988912745831006e-02
1.758042521651734594e-02
1.332437966904298672e-02
1.631981344504498943e-02
1.500206904965491021e-02
1.476481841265416851e-02
1.529555486000518799e-02
1.588359332729248966e-02
1.498275883281408385e-02
1.446090404067029538e-02
