1.691241966236090369e-02
1.035344465126262874e-02
1.213086067936960423e-02
1.344368912540532847e-02
1.722396114324251798e-02
1.316183322222433047e-02
1.524444908752011114e-02
2.518703022387698554e-02
1.005502019315680957e-02
1.281504364636971462e-02
1.188808745940365258e-02
1.400723210080372441e-02
1.613796557634207887e-02
1.674120295967620672e-02
1.462280946502946509e-02
1.439507645786510318e-02
1.507822609051442768e-02
1.196407620780972833e-02
1.165738027936328615e-02
1.472621953188287154e-02
1.377091081995274885e-02
1.110145928806182715e-02
1.436059119568660475e-02
1.090781883055191685e-02
1.242294859422739782e-02
1.460553411396589042e-02
1.538627471685430348e-02
1.256132365706186423e-02
1.369908303974609436e-02
1.379368148737777737e-02
1.400496087352861262e-02
1.172556579237838195e-02
1.605223033407336339e-02
1.421007408814537430e-02
1.089123527131390622e-02
1.364702632720521391e-02
1.435827701518087307e-02
1.868366490243351941e-02
1.222384558159218815e-02
2.117609110595646688e-02
1.178647542867397244e-02
1.748997900429083777e-02
1.632185278629975922e-02
1.347029209272154054e-02
1.954652582133114755e-02
1.248895760762594974e-02
1.599279661451714907e-02
1.285316684431105777e-02
1.464527914129197875e-02
1.386536429077973864e-02
1.599200020864568680e-02
1.527206962479179218e-02
1.580733140457827104e-02
1.136587669919544678e-02
1.423180682406292516e-02
1.312191374542007703e-02
1.143011442197940097e-02
1.901650871971502510e-02
1.500875627291922004e-02
1.017794251429110855e-02
1.269706655106156261e-02
1.167214699498612777e-02
1.183633751912924366e-02
1.385455026651826946e-02
1.760092882901630532e-02
1.601839144890315064e-02
1.378942427267570818e-02
1.470276364141028837e-02
1.672883358115804728e-02
1.388592202892557394e-02
