9.952711991838367883e-03
1.290252566345527312e-02
1.371166478623381951e-02
1.603375150029916554e-02
1.723773949385218329e-02
1.326554127782174873e-02
1.307658415050937453e-02
1.504910188745727136e-02
1.414273869560158346e-02
1.438105177912138086e-02
1.617028229340609566e-02
1.435266697149663144e-02
1.264201297040244698e-02
1.251668639291697409e-02
1.410237703315874759e-02
1.449964387191053812e-02
1.281064145557024407e-02
1.569899566272840025e-02
1.519438215412401323e-02
1.688766073465962012e-02
1.332897877340632337e-02
1.143753315180870075e-02
1.419630447464107978e-02
1.591246796539425370e-02
1.469809395034338446e-02
1.292176683761339130e-02
1.795774092818474763e-02
1.536557056526282640e-02
1.213604105218771267e-02
1.462781588344549619e-02
1.477331087656110625e-02
1.750634481544558960e-02
1.454847094153905764e-02
1.329102063481311068e-02
1.645041398096265192e-02
1.786435401470076040e-02
1.353100717394453874e-02
1.242818074959089678e-02
1.400007706101743209e-02
1.642316433184104821e-02
1.216101480536973048e-02
1.209846653809049793e-02
1.516400314748046242e-02
1.338907692991258419e-02
1.481985932222749242e-02
1.250204412490000389e-02
1.664877412678431381e-02
1.284445822127970940e-02
1.578394746631223838e-02
1.429777402621457832e-02
1.142119657630961266e-02
1.170699111070369614e-02
1.509574242931513953e-02
1.365252239469701666e-02
1.232647317374816788e-02
1.305949526882947340e-02
1.555969233467579052e-02
1.366079603994779790e-02
1.513525551068629384e-02
1.408566136523739000e-02
1.409076249780078297e-02
1.366301656665605199e-02
1.258481516001320848e-02
1.095404515037823844e-02
1.342559424919579497e-02
1.665797791356000979e-02
1.471798211000845645e-02
1.580275285021829484e-02
2.027223668537009305e-02
1.439015297480842649e-02
