2.241477102045668496e-02
1.828864375207649162e-02
1.824210969934801641e-02
2.082436393104974623e-02
1.665127267635907113e-02
2.085956354850528049e-02
1.892657878446310504e-02
2.212417270435195621e-02
2.231585131247308673e-02
1.761625031174937628e-02
2.039925067336963507e-02
1.917042438901335813e-02
2.116949643525770780e-02
1.548944881046861871e-02
1.790328125383971319e-02
2.005814980470723916e-02
2.820990750706269326e-02
2.180418754703028136e-02
2.177896285960896280e-02
2.016320036316285313e-02
1.864895635697236612e-02
1.804143067350582816e-02
1.514160350452560706e-02
1.817481062341783776e-02
2.182727355843065362e-02
1.345260378804768661e-02
2.056448851018381763e-02
1.832743856680138159e-02
2.145521889217303496e-02
1.935153194494194581e-02
1.826443055956348399e-02
1.759135276484316557e-02
1.642410609907609884e-02
2.243743069546252911e-02
2.139460813356269808e-02
1.518298078878411485e-02
2.255310867685242707e-02
3.107161609633534577e-02
1.682892380740741087e-02
2.127418086505513187e-02
1.464346267884715676e-02
1.786680881660261677e-02
1.948797599424366075e-02
2.601410947975761265e-02
2.347886076878055381e-02
2.902313274593905715e-02
1.934085136740258323e-02
2.087459485721725530e-02
2.075016397126605572e-02
1.610205702964729452e-02
