1.172093923586221484e-02
1.387632535371257497e-02
1.730827642379596798e-02
1.189094016459645194e-02
1.287469440232159347e-02
1.634635886411404254e-02
1.733148647566726611e-02
1.876749168060218298e-02
1.089334526186798609e-02
1.428732584917416157e-02
1.602203594108324997e-02
1.601650815052983734e-02
1.255666375586192082e-02
1.385253309922218276e-02
1.417232275336930379e-02
1.953714713182568355e-02
1.427307736568903668e-02
1.617426492035569513e-02
1.430621215419347093e-02
1.262048434736316206e-02
1.110646400414013434e-02
1.252029881582908573e-02
1.325734053246090116e-02
1.504468248525296301e-02
1.216606682744567590e-02
1.390960361966268009e-02
1.331456543843664679e-02
9.668172065199470006e-03
1.300520431033659260e-02
1.738135777216711503e-02
1.933995908375150605e-02
1.942766082500930677e-02
1.273104700511161654e-02
1.265489025259567551e-02
1.487947262653270368e-02
1.211279300825333048e-02
1.347264149479148430e-02
1.519093185984535591e-02
1.381381774718605342e-02
1.465053133910823244e-02
1.885348908991050718e-02
1.308874460740689326e-02
1.788439778144355549e-02
1.244803779079140492e-02
1.162386614505091058e-02
1.501589670044379578e-02
1.218531743203033792e-02
9.883015092546946004e-03
1.243801170627590116e-02
1.298015583778558760e-02
1.843115706735977063e-02
1.682949042424897873e-02
1.502839622382864428e-02
1.133122971156608205e-02
1.472332125677792633e-02
1.417876027492087805e-02
1.415960670236573148e-02
8.889514217357192410e-03
1.138491970470706556e-02
1.658757217397979766e-02
1.268847126186769744e-02
1.691067756047940837e-02
1.129751391523393239e-02
1.188583900530569906e-02
1.309601265118560780e-02
1.925750615522927797e-02
1.474759472199180937e-02
1.483344758029913647e-02
1.760759980605330205e-02
1.525450295723158010e-02
