1.138414745537066203e-02
1.373042996994534685e-02
1.523170596362900461e-02
1.403086378581534788e-02
1.346310417179606873e-02
1.501368340969405635e-02
1.359490660531889779e-02
1.437811976223863676e-02
1.431822938845982163e-02
1.286377114221027781e-02
1.397248466222899069e-02
1.350974494290023073e-02
1.191177940406662472e-02
1.173105155640352497e-02
1.487413287186313722e-02
1.492493517308663559e-02
2.249893131564567952e-02
1.432932299144244227e-02
1.299602242302978598e-02
1.567232905200129436e-02
1.805261733077530989e-02
1.392037989922472775e-02
1.563313818404329578e-02
1.211499484482580005e-02
1.517652343003733119e-02
1.277345847345406731e-02
1.672868585958503518e-02
1.615555304186411245e-02
1.397495518145060352e-02
1.319344821303827624e-02
1.536090123713453742e-02
1.723203004107437195e-02
1.065602118140079185e-02
1.447614266405270779e-02
1.529830386183699681e-02
1.429324150222659184e-02
1.093573164404806376e-02
1.751591898928133925e-02
1.808624582008051818e-02
1.263940448569492517e-02
1.265330027665368708e-02
1.435650565358106978e-02
1.350740761870347466e-02
1.821860119196358485e-02
1.242326250195004492e-02
1.280843997549328123e-02
1.345547990243500108e-02
1.627218538963447897e-02
1.155836241146099286e-02
1.327381402574330689e-02
1.226082686478726681e-02
1.437278268377050437e-02
1.325071797600019946e-02
1.290475002499778291e-02
1.442084405787098789e-02
1.369484149461797085e-02
1.470123962284559417e-02
1.488170151106635482e-02
1.394111506744759137e-02
1.319823346890703145e-02
1.959804965672245353e-02
1.643102126504333849e-02
1.639053369999562623e-02
1.602516400228608251e-02
1.445851565694654395e-02
1.291764157706178605e-02
1.005156045673043924e-02
1.466531354208234009e-02
1.259984111111664418e-02
1.206055537980858273e-02
