1.429710252090628242e-02
1.335825608617023479e-02
1.403576040424493049e-02
1.847095778801469482e-02
1.477440939306568640e-02
9.760602334051444659e-03
1.767975933129703123e-02
1.384600305900720446e-02
1.304909566342505288e-02
1.400651951674442182e-02
1.388814720587636629e-02
1.578518428517914837e-02
1.328170325385337122e-02
1.437253632896218040e-02
1.279297760940764465e-02
1.386351378697367291e-02
2.247340497863321851e-02
1.403000032476831721e-02
1.128494622075557931e-02
1.424159288776739515e-02
1.580298219906557666e-02
1.278581549973517757e-02
1.229852942595618601e-02
1.516668955014886799e-02
1.439126515586118885e-02
1.414719358255377667e-02
1.522076626293490838e-02
1.401710136590182329e-02
1.516086285416492346e-02
1.145845695477567747e-02
1.437183145212895218e-02
1.629491620485585754e-02
1.425282865163865834e-02
1.400743232200072665e-02
1.475875586116603619e-02
1.400871776353766231e-02
1.748309235856264354e-02
1.692560568659870479e-02
1.180726453448055838e-02
1.361706595517800898e-02
1.291791829923521692e-02
1.716844922683571570e-02
1.404902492748631368e-02
1.424235855161420580e-02
1.301289250131788984e-02
1.137611773999831245e-02
1.474369939266360896e-02
1.422488058426625221e-02
1.223785218588423901e-02
1.353564191919969135e-02
1.884804895380980810e-02
1.445826496021199344e-02
1.409981446444411209e-02
1.360838872228254184e-02
1.502892189890944058e-02
1.308397768515968951e-02
1.527469509799480110e-02
1.297406319410803789e-02
1.476723579520010377e-02
1.367646656629361093e-02
1.471793916005887173e-02
1.357415640252742847e-02
1.197007585558558344e-02
1.527339593786073563e-02
1.147395116034670079e-02
1.520452549917774253e-02
1.323233860043964219e-02
1.507305680600472264e-02
1.276024696787404246e-02
1.612195432285918467e-02
