1.724007010441927501e-02
1.715520660767829927e-02
1.499093862556739702e-02
1.657624147228888706e-02
1.597324071996209655e-02
1.038651090264140070e-02
1.293640751296908087e-02
1.459939260226766899e-02
1.249888446662189567e-02
1.801743255387976139e-02
1.517314074536719841e-02
1.707884034260313821e-02
1.561622964421354939e-02
1.269956891397885056e-02
1.499002008288632948e-02
1.288644681918042940e-02
1.962743165696745687e-02
1.416020416668040474e-02
1.247241900461537947e-02
1.620238057403007928e-02
1.526213485369158976e-02
1.467095958963230036e-02
1.441157711326614480e-02
1.001663550582672889e-02
1.554502599005046920e-02
1.607681887458006775e-02
1.454270294907510086e-02
1.218561746043056102e-02
1.335238050949282690e-02
1.339078799506636039e-02
1.262706667917206510e-02
1.379050449026781623e-02
1.316519642711453698e-02
1.222190404502490786e-02
1.675346643797178195e-02
1.442860989545766484e-02
1.545839141122421108e-02
2.072464585231913181e-02
1.343157775564010614e-02
1.237576507253578678e-02
1.097997105241519701e-02
1.533842323961244480e-02
1.084741515406196025e-02
1.125547030018638796e-02
1.306914397186100148e-02
1.361743921618992388e-02
1.228906010496580957e-02
1.491710518914434597e-02
1.204567395652664241e-02
1.490074443177344908e-02
2.046820304769795401e-02
1.316798302221835505e-02
1.187813232888625115e-02
1.404479882023897293e-02
1.608039703817070246e-02
1.295139735407161222e-02
1.872739933857665504e-02
1.626020802263626261e-02
1.461324176867692670e-02
1.193627259010518471e-02
1.385706433169365745e-02
1.245720758315413575e-02
1.581813806506209702e-02
1.205422267256687531e-02
1.372135807599671534e-02
1.518746255077537896e-02
1.171495501646841082e-02
1.198057110749331869e-02
1.582286331532470336e-02
1.228490090678998822e-02
