1.721000905834314115e-02
1.298252931827814302e-02
1.129288874180875424e-02
1.105184472693235623e-02
1.340444235488801386e-02
1.296112579086633639e-02
1.436173316832890963e-02
1.245155207259288771e-02
1.045838703437492433e-02
1.391881942570923417e-02
1.598004996997211269e-02
1.629938450511935616e-02
1.619404275244089655e-02
1.374021790147966077e-02
1.787347159198319352e-02
1.474600524049424731e-02
1.391309456105340077e-02
1.459016529934009307e-02
1.618308172695746144e-02
1.619519161507470065e-02
9.775877818275525988e-03
1.219055594096692466e-02
1.313386027842796712e-02
9.871810849837146795e-03
1.313814596244396345e-02
1.298562529060881196e-02
1.406754804716688761e-02
1.502938366253796752e-02
1.338736324267307369e-02
1.225875743658114830e-02
1.358476227109664362e-02
1.365075197815423733e-02
1.391760488096420618e-02
1.089634579106425055e-02
1.250024409363118330e-02
1.830722462273347284e-02
1.386061107582390109e-02
1.392260889793868299e-02
1.314084004952045977e-02
1.360605450373972118e-02
1.245875578249793295e-02
1.584646931533688005e-02
1.362318933170752339e-02
1.670104537091542454e-02
1.839664615161845651e-02
1.298432887950540758e-02
1.152387206271046280e-02
1.308832452596088089e-02
1.971913826230405065e-02
1.709362882095506742e-02
1.398045850031852735e-02
1.519754796981743865e-02
1.188200899470526033e-02
1.368928521902469837e-02
1.487194739702916123e-02
1.501006424450022046e-02
1.785557858146779101e-02
2.074935509458402869e-02
1.649565012716736404e-02
1.515251387330859151e-02
1.334689665023344914e-02
1.821338495886837272e-02
1.400904937996339840e-02
1.272950890320296256e-02
1.468155467171671988e-02
1.456532120917402272e-02
1.208426999742411544e-02
1.433726378630782380e-02
1.317548025784221095e-02
1.750344812960794375e-02
