1.292937974878145130e-02
1.217550100877106724e-02
1.259727796083472129e-02
1.436448396236777655e-02
1.151894553546084672e-02
1.351586017656806679e-02
1.127207755666480640e-02
1.648115127367871455e-02
1.671976129084925405e-02
1.225853994474055721e-02
1.720912077308135724e-02
1.300216732567949056e-02
1.370300890837231576e-02
1.591199479480969944e-02
1.191752411354821649e-02
1.012012304445806393e-02
1.377036845425489223e-02
1.568981424409614245e-02
1.528689413170147490e-02
1.780541774723350470e-02
1.365934501078334279e-02
1.375459141001007281e-02
1.483837768833081751e-02
1.216065151236518822e-02
1.519443748469611472e-02
1.397145082737315247e-02
1.147297747367324178e-02
1.338472609698241993e-02
1.409661140276829462e-02
1.021907360418519012e-02
1.144283954664093543e-02
1.306905598288811768e-02
1.745110150450505937e-02
1.101257197680937522e-02
1.265122583589808371e-02
1.874351632661025793e-02
1.794284364249559491e-02
1.113762266454393877e-02
1.693733548216119419e-02
1.451136842023836512e-02
1.175507861859062184e-02
1.692567155193632975e-02
1.746260577292706867e-02
1.280082629275190731e-02
1.519012165208381143e-02
1.676376717077649250e-02
1.833203546934333156e-02
1.286318461370372472e-02
1.329516158090901339e-02
2.077921356945412745e-02
2.246148898181516210e-02
1.188815495609600592e-02
1.453107276542343375e-02
1.412901766491650099e-02
1.317337982683229082e-02
1.280344216342641298e-02
1.586648296961203769e-02
1.312693224347099598e-02
1.630044395798319404e-02
1.422432348653069993e-02
1.585181736892488785e-02
1.171041516181563040e-02
1.554026438729157189e-02
1.379968129066527077e-02
1.588033549200906086e-02
1.333118666789394682e-02
1.222602086203134798e-02
1.440957997423545842e-02
1.339340996324792261e-02
1.328374763339077932e-02
