1.501818894387452891e-02
1.192382861251780821e-02
1.291495088900170875e-02
1.385989670545916853e-02
1.955184869795303579e-02
1.528233810153225257e-02
1.250641317112807967e-02
1.948057755421409715e-02
1.256775531890514871e-02
1.425630057062350457e-02
1.361830596158881447e-02
1.389890243198511552e-02
1.460437912764585809e-02
1.212435092635203923e-02
1.252432943570929227e-02
1.387120555839368129e-02
1.353230691238654394e-02
1.094453173954112145e-02
1.496384415051584503e-02
1.468629539689808410e-02
1.397813598679290698e-02
1.583158970379441172e-02
1.616109588713669429e-02
1.343536189017705343e-02
1.433690194612004601e-02
1.275771667095299509e-02
1.517781962599500274e-02
1.184067839362401911e-02
1.574136279648118489e-02
1.178989420812267055e-02
1.409375677058792922e-02
1.461615636456851594e-02
1.578364389902458045e-02
1.053589393864624336e-02
1.077671994994531916e-02
1.796972902831975999e-02
1.414454703721923327e-02
1.480366638115524110e-02
1.401609713198671316e-02
1.668371216282930544e-02
1.843069029076262536e-02
1.273066074607957787e-02
1.532219524020926767e-02
1.331534082867512521e-02
1.652196012172284234e-02
1.457478100104754939e-02
1.261310756369176528e-02
1.512815745460196690e-02
1.514525922152143086e-02
1.538238856194971103e-02
1.448633116447759633e-02
1.417832480511224853e-02
1.764560482146373607e-02
1.673797224338381684e-02
1.692336404304980307e-02
1.644810360126363821e-02
1.191043612337053768e-02
1.999489267739578205e-02
1.054379230317289279e-02
1.141661959164646210e-02
1.033059251529141499e-02
1.403704744793100867e-02
1.077739253194806915e-02
1.369086843414170883e-02
1.242258066525616343e-02
1.549421783702772948e-02
1.235322463153892478e-02
1.558171540551716965e-02
1.281578683314493761e-02
1.644156131389866091e-02
