1.303250090759989696e-02
1.542079406625406456e-02
1.523020435919151053e-02
1.074697407212111926e-02
1.423168944589738201e-02
1.476534701236408183e-02
1.255661717636615687e-02
1.462680991593164927e-02
1.280598355975919207e-02
1.912446488932564165e-02
1.310448279783747901e-02
1.176313511133686429e-02
1.643603382324515527e-02
1.729331907647100805e-02
1.613480658473860976e-02
1.223021716364873154e-02
1.680022059249493618e-02
1.416849049076314600e-02
1.669721032274442893e-02
1.213376683366217991e-02
1.763901322298792179e-02
1.316016128338302373e-02
1.360944283540178185e-02
1.518782318301680617e-02
1.510739913156656025e-02
1.452167342189539419e-02
1.198598817718916562e-02
1.223242158047269275e-02
1.790065139586342544e-02
1.622251565807844922e-02
1.322024214192778560e-02
1.410393751915095181e-02
1.700115706510928540e-02
1.671467934532899074e-02
1.128998757291687499e-02
1.275183858654707798e-02
1.379297729432239078e-02
1.360715572496196124e-02
1.591248637370949043e-02
1.288033793106509346e-02
1.889498175562120963e-02
1.801380152147877278e-02
1.440939388184602453e-02
1.696326857653581224e-02
1.341784079198533181e-02
1.530758692585044815e-02
1.124449545965142301e-02
1.490068102389712108e-02
1.446389219704614405e-02
1.687613165105210714e-02
1.216719950219230170e-02
1.662583077306108159e-02
1.072769978664823293e-02
1.544500038894797145e-02
1.338373768852483062e-02
1.873450313939772210e-02
1.111380744331037437e-02
1.262570279663838627e-02
1.393277255649250611e-02
1.325404011609351146e-02
1.316609182868921750e-02
1.458841111381591234e-02
1.097045941697860454e-02
1.160286603270212560e-02
1.742352044900636818e-02
1.280240538329897350e-02
1.152274174558976828e-02
1.420974504407945121e-02
1.211559298426702000e-02
1.095084037865295089e-02
