3.300000000000000000e+01
3.300000000000000000e+01
3.300000000000000000e+01
3.300000000000000000e+01
3.300000000000000000e+01
3.300000000000000000e+01
3.300000000000000000e+01
3.300000000000000000e+01
3.300000000000000000e+01
3.300000000000000000e+01
3.300000000000000000e+01
3.300000000000000000e+01
3.300000000000000000e+01
3.300000000000000000e+01
3.300000000000000000e+01
3.600000000000000000e+01
5.700000000000000000e+01
3.600000000000000000e+01
3.600000000000000000e+01
5.700000000000000000e+01
3.600000000000000000e+01
3.600000000000000000e+01
3.600000000000000000e+01
3.600000000000000000e+01
3.600000000000000000e+01
3.600000000000000000e+01
3.600000000000000000e+01
3.600000000000000000e+01
3.600000000000000000e+01
3.600000000000000000e+01
3.000000000000000000e+00
5.000000000000000000e+01
4.400000000000000000e+01
1.400000000000000000e+01
1.400000000000000000e+01
1.400000000000000000e+01
1.400000000000000000e+01
5.400000000000000000e+01
5.400000000000000000e+01
5.400000000000000000e+01
6.500000000000000000e+01
5.300000000000000000e+01
3.000000000000000000e+00
5.300000000000000000e+01
3.000000000000000000e+00
6.000000000000000000e+00
6.000000000000000000e+00
6.000000000000000000e+00
3.900000000000000000e+01
6.000000000000000000e+00
9.000000000000000000e+00
9.000000000000000000e+00
9.000000000000000000e+00
9.000000000000000000e+00
9.000000000000000000e+00
9.000000000000000000e+00
6.000000000000000000e+00
6.000000000000000000e+00
6.000000000000000000e+00
6.000000000000000000e+00
4.000000000000000000e+01
4.000000000000000000e+01
7.000000000000000000e+00
4.000000000000000000e+01
7.000000000000000000e+00
4.000000000000000000e+01
4.400000000000000000e+01
4.400000000000000000e+01
4.400000000000000000e+01
4.000000000000000000e+01
4.400000000000000000e+01
4.000000000000000000e+01
4.400000000000000000e+01
4.400000000000000000e+01
7.000000000000000000e+00
6.000000000000000000e+00
9.000000000000000000e+00
9.000000000000000000e+00
9.000000000000000000e+00
6.000000000000000000e+00
6.000000000000000000e+00
6.000000000000000000e+00
6.000000000000000000e+00
6.000000000000000000e+00
6.000000000000000000e+00
6.000000000000000000e+00
3.900000000000000000e+01
6.000000000000000000e+00
6.000000000000000000e+00
9.000000000000000000e+00
6.000000000000000000e+00
6.800000000000000000e+01
6.800000000000000000e+01
7.000000000000000000e+00
6.000000000000000000e+00
7.000000000000000000e+00
7.000000000000000000e+00
7.000000000000000000e+00
6.000000000000000000e+00
6.000000000000000000e+00
6.800000000000000000e+01
6.800000000000000000e+01
6.000000000000000000e+00
7.000000000000000000e+00
6.000000000000000000e+00
