1.199342800781639552e-02
1.393030910302785197e-02
1.441630662647372559e-02
1.171803683761285172e-02
1.189418159566929013e-02
1.705891557145907539e-02
2.304182158412543258e-02
1.678330618868958263e-02
1.652526382965495422e-02
1.463420128619006069e-02
1.692774192509484410e-02
1.644403671717668478e-02
1.166238604882977384e-02
1.177296548051143255e-02
1.600045630411124284e-02
1.137526247739478226e-02
1.534966535856062061e-02
1.371644412366519218e-02
1.237478112830829070e-02
1.543804317128383979e-02
1.394566240095510869e-02
1.390226139153645860e-02
1.346495473800645055e-02
1.262314251939578025e-02
1.050377524529232803e-02
1.432154136061411509e-02
1.342819960995861317e-02
1.563434541496809896e-02
1.423623620040109262e-02
1.325505516062456569e-02
1.337976252692644683e-02
1.312631515843288611e-02
1.447740979309100791e-02
2.111596326627496883e-02
1.365501182663889090e-02
1.656921599360890174e-02
1.916506143152631875e-02
1.211559104675125932e-02
1.276829121376319570e-02
1.432593459969095685e-02
1.502144980185962132e-02
1.654274271643691244e-02
1.064757941368150128e-02
1.180965741545090923e-02
1.824759365414241677e-02
1.212941710170050737e-02
1.043224255927172744e-02
1.350563158271727952e-02
1.064701478263652655e-02
1.223962488406345368e-02
1.476014347250538886e-02
1.147148098857110089e-02
1.100045618298573294e-02
1.423178782455549254e-02
1.285286705521487480e-02
1.217589078869314549e-02
1.998650113369757064e-02
1.373836361768286489e-02
1.408844361603883710e-02
1.533852378489651037e-02
1.344910724447384229e-02
1.742190681945902930e-02
1.887659416835335904e-02
1.575315172414119835e-02
1.436234543709266100e-02
1.620660064946219392e-02
1.391587858637690495e-02
1.183089480040460176e-02
1.437078515925097229e-02
1.387403877006946652e-02
