1.565990476963849062e-02
1.534917189917382740e-02
1.164921504800288041e-02
1.559280118807295813e-02
1.393794613902718006e-02
1.250796931215547060e-02
1.284790846065867777e-02
1.646397368014072826e-02
1.281819831596036317e-02
1.335356448328924375e-02
1.466043343264761441e-02
1.360012059962297307e-02
1.606354175058055667e-02
1.680268996068156814e-02
1.590438936096235517e-02
1.097772089481299611e-02
1.336771516572812443e-02
1.201996155806810303e-02
1.611206024577242074e-02
1.267185831931933078e-02
1.791326896403138205e-02
1.910803275091462958e-02
1.071984203007028853e-02
1.380477793950551056e-02
1.590348445327573884e-02
1.585053688262839586e-02
1.490949513724073791e-02
1.574718021165677842e-02
1.603490617511482003e-02
1.561006396370254873e-02
1.572649557402662837e-02
1.191565457390499766e-02
1.443709096479229431e-02
1.266257782083175104e-02
1.217825035064424612e-02
1.328717067997696455e-02
1.441441888373664638e-02
1.317915765561923636e-02
1.250640155423364021e-02
1.382878403741579811e-02
1.493895453584910896e-02
1.533583819217202229e-02
1.316474178425615198e-02
1.475071777010054583e-02
1.295541921852910727e-02
1.700006087716013706e-02
1.398025106133309742e-02
1.120887421045997125e-02
1.674934195262386613e-02
1.449987430545346921e-02
1.448284062085761909e-02
1.470170473347413159e-02
1.547683093131742120e-02
1.829567351433522560e-02
1.593408710780787330e-02
1.259104843300365428e-02
1.467339347540607200e-02
1.358920760604401430e-02
1.172559255602083697e-02
1.280717642666102073e-02
1.371297090410957681e-02
1.161501283645612406e-02
1.358109224161223143e-02
1.622674897400907049e-02
1.168694262645705861e-02
1.385636944158115218e-02
1.364417643220265479e-02
1.425795969264728562e-02
1.425180990771115694e-02
1.620655244270987824e-02
