2.329507998556474072e-02
1.412598838470721999e-02
1.090844433964721812e-02
1.474926014555763554e-02
8.623925564543265601e-03
1.669317898904165362e-02
1.399314575900364836e-02
9.911594833343249575e-03
1.865657584946625591e-02
9.840449301309416030e-03
1.267819382479694681e-02
1.920263114060481377e-02
1.817500974811721987e-02
8.893668322885786223e-03
1.407108803214391496e-02
1.585725344203969128e-02
6.644898854855713771e-03
1.065912414056065932e-02
1.394337983784590257e-02
1.175818584729737548e-02
1.907878093367384661e-02
1.589167907785233452e-02
1.050919670208349220e-02
1.208947194351196221e-02
1.669750599315752634e-02
9.022417194744039928e-03
1.084833960084802436e-02
1.893016281102519530e-02
1.055407509295927526e-02
1.517050243046055499e-02
1.567269882397082092e-02
1.653135927646131806e-02
1.664078965265978344e-02
1.834583920804002885e-02
2.036249473437576687e-02
1.449668877239256720e-02
1.479037272709845391e-02
8.491982726916995697e-03
1.785752798712625725e-02
1.226304285057407822e-02
1.598878302933232423e-02
1.106654024899592949e-02
9.629418495192016564e-03
2.458585754116750233e-02
1.165849257900613591e-02
1.415684896600076341e-02
1.725783048415275786e-02
1.478568128488829195e-02
1.837956614378126810e-02
1.034923714267136328e-02
9.731816455584142364e-03
1.689742636273284734e-02
1.237598413743834849e-02
6.233690764954821772e-03
2.563919609482230230e-02
2.290248893307993833e-02
1.639376763213274205e-02
1.994637554877174909e-02
9.228565070984167534e-03
1.454365268820633980e-02
1.206057701990275594e-02
1.310368414365164352e-02
1.268164627811499759e-02
1.225370958577983241e-02
1.278597420170814528e-02
9.712374985849243567e-03
1.396633618115051753e-02
1.606455090976580471e-02
1.696526869268908527e-02
1.172865351422743355e-02
