1.286255661205325945e-02
1.679929344850485812e-02
1.225602417959734125e-02
1.485898061732977317e-02
1.243034787605915709e-02
1.417792041473675026e-02
1.624313834158124317e-02
1.481431658396098819e-02
1.194816687810877284e-02
1.269748611587131690e-02
1.345186547866502116e-02
1.521034128760544862e-02
1.149438993761508349e-02
1.692573018788593592e-02
1.497341825706988323e-02
1.478135959407917907e-02
1.758466627031500529e-02
1.109770377791644003e-02
1.194982309063984637e-02
1.590489016895796706e-02
1.371777480574008432e-02
2.006051525677138986e-02
2.386224057564154469e-02
9.289395330701227457e-03
1.458255574090346063e-02
1.214858159963614834e-02
1.290123765411978207e-02
1.322600394758365397e-02
1.088999655151311023e-02
1.660595702758625031e-02
1.900378205199181048e-02
1.854446012519529383e-02
1.498718326705148624e-02
1.534424305406363077e-02
1.173722242356960328e-02
1.835288460969747293e-02
1.162489290948109238e-02
1.764263314522771312e-02
1.462873759101242059e-02
1.320645688133500334e-02
1.575605531880617041e-02
1.663376872793811273e-02
1.395798542337323318e-02
1.302430107539380086e-02
1.245801540912837985e-02
1.701610418995870219e-02
1.353592537132743134e-02
1.240119414672987731e-02
1.615222292503327300e-02
1.136999686054100678e-02
1.606543680162523038e-02
1.330267961835303499e-02
1.496526744260062020e-02
1.413269692156265619e-02
1.060218381711038743e-02
1.542978711561361106e-02
1.091038876982514463e-02
1.501284678357545262e-02
1.181513780507823658e-02
1.185593564342181903e-02
1.395074462310652054e-02
1.433222078628343735e-02
1.817831522479095366e-02
1.210935772085436520e-02
1.651423123374260588e-02
1.288650608652985342e-02
1.251980799510247350e-02
1.033306990661382596e-02
1.566161211947340176e-02
1.229703046913092380e-02
