1.455216494115877009e-02
1.595855852250173401e-02
1.303869159763881673e-02
1.412643552861732668e-02
1.009499957359225909e-02
1.338178432738402861e-02
1.457005220818656348e-02
1.310283123188438203e-02
1.117112083077895050e-02
1.660692670928963846e-02
1.261450721116552133e-02
1.518202613546168131e-02
1.449795994136948360e-02
1.225017540385223321e-02
1.505226862598698680e-02
1.499171617860966046e-02
1.694516537224513564e-02
1.109579738525984932e-02
1.405409366377846116e-02
1.755443033904598854e-02
1.741085382147372282e-02
1.214870260848298009e-02
1.355611529063423075e-02
1.569451221302081700e-02
1.188181264111054167e-02
1.108883585823162467e-02
1.757153215884615580e-02
1.368549054116489742e-02
1.582788062834140225e-02
1.515212236551226506e-02
1.576345245538894602e-02
1.582621615641001400e-02
1.243457919330678493e-02
1.664373237664745417e-02
1.441577999943414838e-02
1.580941082068049522e-02
1.479464664985874825e-02
1.376575808929510897e-02
1.364474590229211755e-02
1.420960448771453610e-02
1.339125131778223267e-02
1.796504868739551980e-02
1.684714165382384526e-02
1.274959560635882325e-02
1.375141608901547449e-02
1.611729186317297988e-02
1.506741811896046383e-02
1.452399213456395492e-02
1.672422684704166426e-02
1.346406989373775953e-02
1.319751504909189195e-02
1.561619363878300783e-02
1.329539063905322074e-02
1.062158637236763209e-02
8.841096882215248448e-03
1.333312362921596113e-02
1.749714564193171826e-02
1.342991130160717597e-02
1.422226109411177906e-02
1.543876454680456929e-02
1.355166762828431855e-02
1.110112793221556399e-02
1.649536757606628878e-02
1.259226389760756751e-02
1.428070395226248637e-02
1.817733599781092002e-02
9.682668030890224584e-03
1.504805363812422754e-02
1.176110429599541880e-02
1.904777605805356780e-02
