1.392311398838975457e-02
1.805864332201187819e-02
1.601593441238568713e-02
1.192522748756637101e-02
1.412100327345319761e-02
1.693532008821695481e-02
1.593455807353945375e-02
1.295303038466569072e-02
1.397159051036813218e-02
1.419173443204044607e-02
1.330867147752370569e-02
1.231059282954265026e-02
1.177866387774531044e-02
1.251732781576161274e-02
1.747234298475318012e-02
1.356205356519844807e-02
1.178668616233320005e-02
1.677357326930828743e-02
2.083003528715547323e-02
1.320983736953140926e-02
1.382229507295609089e-02
1.181366452703722439e-02
1.278903667468515859e-02
1.432314696500192920e-02
1.320601980420814565e-02
1.549407062690656006e-02
1.887286281758161419e-02
1.348060051406592408e-02
1.307363829728617685e-02
1.274088199100026179e-02
1.631999077625038291e-02
1.224295006967195468e-02
1.525715754211869231e-02
1.315727142169391579e-02
1.400874997082646352e-02
9.594043397279740371e-03
1.852246493794139359e-02
1.836195159401843649e-02
1.593146485098563200e-02
1.263700775161987096e-02
1.238715544792828686e-02
1.411007417095062368e-02
1.871566314465971173e-02
1.448919508261413067e-02
1.762459987305782516e-02
1.085336449113272900e-02
1.837750833538360010e-02
1.289877957037685596e-02
1.384685169267548151e-02
1.495295280886323359e-02
1.364962937597485881e-02
1.488959234346229864e-02
1.227955798336067411e-02
1.587473343215109814e-02
1.136895434252373042e-02
1.291610979776276931e-02
1.397214155079705769e-02
1.559004841683976281e-02
1.360655493903502496e-02
1.225691045494221518e-02
1.261665262125533093e-02
1.524437789569354183e-02
1.344229588752548707e-02
1.197274236188523161e-02
1.204744412508976237e-02
1.497024386630898055e-02
1.412903565144474176e-02
1.539714852546405881e-02
1.345395750342649570e-02
1.483651409278781766e-02
