1.642358490517135602e-02
1.450234120641259380e-02
1.536792799280017364e-02
1.191493946261576280e-02
1.194352467310613383e-02
1.448702172530151773e-02
1.192192552497299378e-02
1.401356842115207904e-02
1.563023543635169363e-02
1.589272838122390494e-02
1.168810372138126032e-02
9.932661099590804968e-03
1.530015566583335304e-02
1.027480072693220774e-02
1.649485938101998006e-02
1.743621257268928096e-02
1.702738073516537123e-02
1.248359020638787481e-02
1.554383790547408939e-02
1.575520740135198314e-02
1.431371413226303207e-02
1.738707202570877880e-02
1.275426824527893174e-02
1.002262615177269139e-02
1.443760767645736569e-02
1.237090291982415047e-02
1.272333869811205498e-02
1.344738241525196207e-02
1.545920732197423979e-02
1.346165251119972248e-02
9.790008144032425960e-03
1.165665141796684741e-02
1.367400595174005605e-02
1.527008490419333453e-02
1.250081326625151687e-02
1.632733594961489898e-02
1.408765567675384668e-02
1.455430660303061625e-02
1.338753720544926321e-02
1.294342074533375367e-02
1.334901205260545162e-02
1.705416467930827989e-02
1.420753585825574455e-02
1.422727604608839923e-02
1.715463152669937860e-02
1.643432775289106404e-02
1.611107374609728818e-02
1.562752218896512266e-02
1.626951468818597576e-02
1.261628184746115856e-02
1.148862803638212721e-02
1.496257800363778000e-02
1.301168892006814362e-02
1.325599078418423539e-02
1.514234104530353883e-02
1.492411763799273913e-02
1.177692402031480998e-02
1.798758541376149420e-02
1.542028430422116674e-02
1.372702178492765483e-02
1.553222132258049240e-02
1.513424460767709596e-02
1.675928571657545746e-02
1.369846613037988339e-02
1.739351432024295596e-02
1.526208979985505323e-02
1.464535812051244792e-02
1.908330175160906014e-02
1.235890628845288768e-02
1.077991249761916376e-02
