1.707613204283254388e-02
1.330692584739843858e-02
1.346980778986599063e-02
1.270364984902227004e-02
1.530651109080531300e-02
1.224284452857720903e-02
1.060070608870667536e-02
1.193092796220470223e-02
1.497542530455329805e-02
1.751887659842239764e-02
1.677217521944448717e-02
1.391244801543677946e-02
1.640747688068480356e-02
1.648452797153575691e-02
1.106110947646760448e-02
1.719573540491512592e-02
1.137521569940823721e-02
1.171197495048453482e-02
1.850039337146806850e-02
1.446642929445514196e-02
1.430041401900892031e-02
1.372860945980082861e-02
1.438425467100440218e-02
1.470233035924987768e-02
1.747340385700878532e-02
1.419817235144446750e-02
2.028394793648342562e-02
1.696703295581409449e-02
1.519730904371818792e-02
1.854957251215418393e-02
1.337659592762389243e-02
1.137184910662858775e-02
1.488369639938883632e-02
1.779504487215976399e-02
1.741562511100620131e-02
1.059339118369334413e-02
1.415171509059417673e-02
1.398561353492446500e-02
1.265237447197144378e-02
1.162136816269603197e-02
1.455950995012840823e-02
1.234672344021259076e-02
1.253183550895792080e-02
1.295086188650376724e-02
1.781036098122766934e-02
1.318797131314182296e-02
1.716780812595830596e-02
1.665494627537556990e-02
1.610912161015331731e-02
1.694757422181275217e-02
1.124637079042288199e-02
1.196671201016646230e-02
1.536033183661272492e-02
1.223490824941373366e-02
1.265720123855499854e-02
1.359507466046123991e-02
1.449987411980727288e-02
1.462047402824590003e-02
1.475528261254200647e-02
1.198170310252296908e-02
1.366373771443105123e-02
1.406673247647434628e-02
1.350590465294542429e-02
1.279375358833018637e-02
1.454031841055593299e-02
1.433521439437349110e-02
1.395008034435102698e-02
1.191235911671192048e-02
1.267085846391179625e-02
1.072478046262956286e-02
