1.643013473341357195e-02
1.330153324528743526e-02
1.786379878840755123e-02
1.675280963026060457e-02
1.375909654905216502e-02
1.511154874702994554e-02
1.437279768168756369e-02
1.307043390149693549e-02
1.242664052098329565e-02
1.386949563569906362e-02
1.544550562787644875e-02
1.424713859146976500e-02
1.136130214083477460e-02
1.317141551654836713e-02
2.035830057040834834e-02
1.622615642880959747e-02
1.833157082090374965e-02
1.054290356613491082e-02
1.533253329317986989e-02
1.080646425613214501e-02
1.147613463614383447e-02
1.393932512296161899e-02
1.503042654850519216e-02
1.063799829506796232e-02
1.269582592994701435e-02
1.267478878100035226e-02
1.243322414297206788e-02
1.835435313628706183e-02
1.559149692428531131e-02
1.331964571350074088e-02
1.119654391486433684e-02
1.436163261427302745e-02
1.430096407773199380e-02
1.557009124360275894e-02
1.417284488759840665e-02
1.407832973574670368e-02
1.402738808769231696e-02
2.015892960831785000e-02
1.720539465049713418e-02
1.365619544589490378e-02
1.728726521836933955e-02
1.586163750292320096e-02
1.069176727472248740e-02
1.413558058458527431e-02
1.169993228391606917e-02
1.470538352725698009e-02
1.604641512285887722e-02
1.535890049784238189e-02
1.305410102099076840e-02
1.430179757719910773e-02
2.062219383650742630e-02
1.265425974666698969e-02
1.157095459758169381e-02
1.265682040532828574e-02
1.285364645818653194e-02
1.222682624535072031e-02
1.154512209081128352e-02
1.443693803912939576e-02
1.440398735626892586e-02
1.335173782714424266e-02
1.495372304347869150e-02
1.397207891418786145e-02
1.501697213403508854e-02
1.455735108713615035e-02
1.566372524004681910e-02
1.617638445398555946e-02
1.117222772983727554e-02
1.531841872593382205e-02
1.217312863146696907e-02
1.386760908374522899e-02
