1.373301767662594118e-02
1.749779042764402354e-02
1.210010051124203213e-02
1.577405341742869893e-02
1.256868033551214285e-02
1.562350331665671166e-02
1.386197189852486460e-02
9.471540946299721389e-03
1.528985177423001530e-02
1.317075437559062090e-02
1.303111652014666069e-02
1.751223501256549131e-02
1.280785258410640538e-02
1.195983004539655226e-02
1.328516937614894824e-02
1.177701552444675691e-02
1.766168907753484785e-02
1.631104768656514714e-02
1.848934471902016069e-02
1.404452537127660709e-02
1.592188248171728590e-02
1.769373444764856668e-02
1.469187697711507243e-02
1.224201366035414067e-02
1.414248855520576671e-02
1.211169664496506738e-02
9.537877539088919499e-03
1.712137621055411993e-02
1.580217885734536143e-02
1.495057048254225945e-02
1.266150394771111895e-02
1.410452328061983195e-02
2.089701038004258132e-02
1.557173313740895480e-02
1.285474874614704090e-02
1.627170322534827671e-02
1.288476065842094134e-02
1.797344354192229390e-02
1.275107406448320463e-02
1.206882499181408976e-02
1.248779213248195352e-02
1.223183336372316368e-02
1.800512218302621759e-02
1.349641057317231552e-02
1.221595483011278863e-02
1.599088881577361010e-02
1.753741674357046920e-02
1.264077556235534971e-02
1.285187210242454484e-02
1.314745178843624608e-02
1.321570451160661817e-02
1.256376403834600676e-02
1.543764760375990544e-02
1.360154696047797054e-02
1.867735325833142987e-02
1.678948415378597389e-02
1.185396333507645478e-02
1.122747859882612664e-02
1.264652583502834902e-02
1.446486871802753031e-02
1.411053885161285548e-02
1.031348817415269140e-02
1.621108066341950954e-02
1.176548296064384991e-02
1.338234264067807329e-02
2.031602851113094646e-02
1.607367726130197808e-02
1.252035739697653603e-02
1.494457930646639343e-02
1.105245669785711975e-02
