1.439884436149667553e-02
1.323994452833835572e-02
1.490211343981423520e-02
1.371685649234979064e-02
1.430724490208881705e-02
1.509296418060054705e-02
1.775232583400463554e-02
1.245304730728915600e-02
1.461340452176855369e-02
1.165469834647983594e-02
1.363247289742946719e-02
1.255627604834934179e-02
1.550580623103546204e-02
1.275258490243834017e-02
1.068559458567372791e-02
1.237963604987318833e-02
1.909624746364736031e-02
1.595328599613067902e-02
1.261535400149218361e-02
1.180934550560706724e-02
1.653382449279445360e-02
1.871543863206474173e-02
1.260993035399178043e-02
1.209296867411648047e-02
1.456194111809405028e-02
1.167442728072969060e-02
1.214360979196953128e-02
2.096944564879507644e-02
1.639634482944236915e-02
1.470740514005260818e-02
1.319371906103288666e-02
1.267889097920331734e-02
1.148655084627262825e-02
1.637292826479552418e-02
1.342907330417215592e-02
1.145868911209671492e-02
1.801005044610381675e-02
1.417684060660101900e-02
1.634913712848726566e-02
1.059683935345738862e-02
1.627814566596343104e-02
1.475930031377589713e-02
1.172057912305434629e-02
1.212969091471637582e-02
1.409190445993081103e-02
1.538127763173192074e-02
1.882436814627599236e-02
1.681628680822461197e-02
1.294019111863476020e-02
1.611181054226835246e-02
1.809938620215680374e-02
1.344835776356179298e-02
1.328302858879403837e-02
1.232606961627847990e-02
1.594339781786202268e-02
1.287745613722215098e-02
1.254386036851406865e-02
1.379286177829579935e-02
1.459298269496366388e-02
1.159511874755861892e-02
1.345551076257107091e-02
1.426616256337914432e-02
1.719445496907961654e-02
1.480054330201883636e-02
1.636467481424502129e-02
1.107253168469781238e-02
1.543293606073759677e-02
1.235521942681712393e-02
1.655793085589668187e-02
1.366785846059197750e-02
