1.166216895196938580e-02
1.406205902499760817e-02
1.434675037136959319e-02
1.142494982795448644e-02
1.455016587118817400e-02
1.165587765200499712e-02
1.210086187458231030e-02
1.444619333899388458e-02
1.617905620636525196e-02
1.395263832469726024e-02
1.420900728852566262e-02
1.516906247180419172e-02
1.468823447969596317e-02
1.160263071108390102e-02
1.333960950781284786e-02
1.340772341841463614e-02
1.507465407653929557e-02
1.540199589586362279e-02
1.073239510346533920e-02
1.538848506678134470e-02
1.490531374114438708e-02
1.697363676927720472e-02
1.668081537306848397e-02
1.270808042025059481e-02
1.617369185345849877e-02
1.179575233314113757e-02
1.292639299069391762e-02
1.691291329427676779e-02
1.753679441172485004e-02
1.900226504854231335e-02
1.261437187640042888e-02
1.153166219348387804e-02
1.497724960264269246e-02
1.392799726964965429e-02
1.894391472006796973e-02
1.294999467601537502e-02
1.209050590648660245e-02
1.164098891945369862e-02
1.302891095094014379e-02
1.182017870884520885e-02
1.327713170826662001e-02
1.402285373505674122e-02
1.461234025058653040e-02
1.387745659502063675e-02
1.908389513278118538e-02
1.328096981068553097e-02
1.605110246627353479e-02
1.229538315792012837e-02
1.274791108170579730e-02
1.812737948232034241e-02
1.298998129097868152e-02
1.525868574428877918e-02
2.016753309498212077e-02
1.525977792998656907e-02
1.393836787319892474e-02
1.346568064754051844e-02
1.290223622430164419e-02
1.250237975166433244e-02
1.750619289120527999e-02
1.439782522309100699e-02
1.458278858762082977e-02
1.010807874852000937e-02
1.277605064240103921e-02
1.945324403508625483e-02
1.643410142766644350e-02
1.492623456672853913e-02
1.398167612840429778e-02
1.371915753639336467e-02
1.535926139003665480e-02
1.035837232161412186e-02
