1.024044244278229758e-02
1.712874901320902282e-02
1.258197742384262879e-02
1.661785475410189686e-02
1.519842807746660772e-02
1.212841015565386399e-02
1.191310083087709221e-02
1.147216238024252426e-02
1.149213748665762341e-02
1.426607114466644372e-02
1.575470027658112601e-02
1.363063649507084522e-02
1.323934272620086450e-02
1.302906357002787605e-02
1.946174181405998030e-02
1.780481440245810371e-02
1.547776178004898508e-02
1.341852701684327805e-02
1.238529669438220848e-02
1.655529576567271385e-02
1.421700882193016081e-02
1.219287750904868295e-02
1.293979479933329152e-02
1.148835995798671607e-02
1.919680399835275650e-02
1.177496213862255087e-02
1.391820729435213309e-02
1.541284304450320566e-02
1.515677416706891559e-02
1.700810923937629004e-02
1.681072151767682571e-02
1.356361223434159394e-02
1.036815165217997922e-02
1.754773976656414172e-02
1.480798915060954103e-02
1.191820612761382812e-02
1.528795339345645488e-02
1.593036958408068290e-02
1.414002738342222051e-02
1.630732668643098890e-02
1.394190274042738688e-02
1.329237212177095985e-02
1.555442544392567072e-02
1.413069777326456285e-02
1.469642742963088444e-02
1.543783570055844330e-02
1.600278129838283991e-02
1.239207259581275727e-02
1.592163006714005652e-02
1.400696017092890530e-02
1.200823161322072535e-02
1.497600886732154517e-02
1.572357295949358344e-02
1.375218128687820049e-02
1.208468051873646046e-02
1.346184680564994039e-02
1.374130599795077116e-02
1.583625442244525339e-02
1.332286215686508471e-02
1.364241125314485763e-02
1.177957998067234377e-02
1.217911988127529099e-02
1.392651954706897871e-02
1.531683647473008197e-02
1.319011604289205795e-02
1.573638481836244288e-02
1.384620563214523578e-02
1.485785932835616795e-02
1.730601362254767864e-02
1.415055073060401437e-02
