1.058615599172989079e-02
1.491838429710562811e-02
1.653283016196653230e-02
1.059986255344820029e-02
1.474755032994697762e-02
1.249797047631490479e-02
1.151856084340792397e-02
1.408315497908477557e-02
1.269545632499322757e-02
1.567972631116690621e-02
1.641160374054897661e-02
1.485338156252852780e-02
1.471982732878041912e-02
1.380537472695884949e-02
1.271970643192740433e-02
1.860598351216192006e-02
1.394625461509245434e-02
1.440525679399929163e-02
1.429768589622729645e-02
1.608796712611740287e-02
1.607253994444433204e-02
1.477231587666715321e-02
9.865219697326333553e-03
1.276055103317102514e-02
1.564181204919332102e-02
1.369416312827791138e-02
1.196161968943939245e-02
1.442017128477495608e-02
1.062221100947859272e-02
1.440794369628044073e-02
1.230329951495479773e-02
1.601470186959676884e-02
1.691696611507998230e-02
1.442501547600240873e-02
1.517192313153047090e-02
1.228608288029583301e-02
1.517806963795415888e-02
1.255129314009723746e-02
1.180071797594295022e-02
1.862165221599521719e-02
1.311121703444615046e-02
1.372421395817561597e-02
1.265404572006401801e-02
1.813513355789823228e-02
1.379975125019221663e-02
1.413785341339447200e-02
1.520130587055729988e-02
1.062520384011676061e-02
1.265316183126102487e-02
1.657902786784494140e-02
1.899042783693849837e-02
1.417044099552387110e-02
1.604816187236457470e-02
1.635341478684940869e-02
1.712622409741421103e-02
1.531778285606187791e-02
1.278480186809526423e-02
1.395510168844597658e-02
1.537368932584709698e-02
1.389097124668780929e-02
1.250954281229846136e-02
1.412012857522977789e-02
1.025602057411239415e-02
1.402391255942039491e-02
1.754869957634958358e-02
1.530702235469290004e-02
1.350615489612689776e-02
1.543833591547540650e-02
1.449838226744411609e-02
1.495890618065964968e-02
