1.651823636109614468e-02
1.953790221649634104e-02
1.991562510886635620e-02
1.884880327454866930e-02
1.810623546682802246e-02
2.084056219101645610e-02
2.279348643402352020e-02
2.064525204021559410e-02
1.787285243383080965e-02
1.645250485672105148e-02
3.379122288372765626e-02
1.899476160512481027e-02
2.620638036069503074e-02
1.927882416492298148e-02
1.761639158184769710e-02
2.261128620611843956e-02
1.590746370544696142e-02
1.923427803932634128e-02
1.993249320178000147e-02
1.852248996115004806e-02
1.519463919920724555e-02
2.275730100318210103e-02
1.856008456758263120e-02
1.727227363222380921e-02
1.825072767109829630e-02
2.185386076051950080e-02
1.436052218915712282e-02
1.874159950673871464e-02
2.522164711262039893e-02
2.356238247946946043e-02
2.086356136294462496e-02
2.053280520605242632e-02
2.094970469584481881e-02
2.162440039545217296e-02
1.550868862317585084e-02
1.925992251285525703e-02
1.883293599602334917e-02
2.113889892422156011e-02
2.561972174184186726e-02
2.126941952875853123e-02
2.882491105611295276e-02
1.753852815023931866e-02
1.688957106524201918e-02
2.126227279719628341e-02
1.728926859400857843e-02
1.619479234110912658e-02
2.180827965503835328e-02
2.265370145725498566e-02
1.556965417443115576e-02
1.696687150661480362e-02
