1.277744659744687282e-02
1.594349185093729346e-02
1.673804494900282130e-02
1.187734043064753858e-02
1.317702064062965112e-02
1.452577770076259045e-02
1.155733858690299008e-02
1.414384415081764920e-02
1.011141652340422602e-02
1.487198385930538908e-02
1.494207607655077472e-02
1.379590569661057024e-02
1.507822409795917667e-02
1.556489691319136448e-02
1.931990719648802451e-02
1.518767019269970722e-02
1.287049058209018167e-02
1.440748952203522310e-02
1.434951471710899096e-02
1.644068151209886544e-02
1.198640882469135388e-02
1.627542977912389485e-02
1.199547840284413171e-02
9.929304991171948244e-03
2.057139435321723303e-02
1.229594678947854708e-02
1.252991680852212977e-02
1.548058831643350959e-02
1.584256372833420939e-02
1.189028873691615543e-02
1.200537130666536924e-02
1.518810062204606695e-02
1.407295311341015542e-02
1.593000689176177556e-02
1.582843708523018478e-02
1.351224291417065654e-02
1.936370033856326181e-02
1.596153842272397122e-02
1.285340882341189789e-02
1.317647215862711302e-02
1.573926951471160338e-02
1.237758456340011005e-02
1.315213460512628177e-02
1.875543702729050646e-02
2.056283350855377806e-02
1.750154333612448723e-02
1.297687549826578683e-02
1.315351399698687362e-02
1.452660969839581102e-02
1.638042863269196375e-02
1.590682922470819383e-02
1.266358307677167665e-02
1.296496479891993611e-02
1.479135001749957296e-02
1.114088331827886753e-02
1.305482333797222151e-02
1.609189627119350305e-02
1.255120628025419537e-02
1.673169305602520071e-02
1.141238103908232514e-02
1.430926761934006239e-02
1.446459932752375624e-02
1.521342887923509204e-02
1.087135714084006000e-02
1.252094774616929924e-02
1.455534023703274407e-02
1.377702156792124863e-02
1.118693444556195619e-02
1.386465102875158832e-02
1.243049700133782957e-02
