1.355289185139519487e-02
1.176047682543041907e-02
1.392075699799035123e-02
1.457977372316898376e-02
1.472135231006602672e-02
1.532420423807905052e-02
1.471927827509501158e-02
1.313275178539677693e-02
1.426044593428729690e-02
1.091801453839195621e-02
9.441247431967557044e-03
1.763600230416560374e-02
1.282822938837755410e-02
1.487795342456932866e-02
1.962471355018312671e-02
1.769775909462858315e-02
1.485370927099674554e-02
1.549349828059113157e-02
1.709075815016962083e-02
1.464013995503063090e-02
1.273749070892744861e-02
1.673425832788807965e-02
1.511345221625857820e-02
1.222596861868979583e-02
1.571202333846439397e-02
1.347758691973200036e-02
1.880480328339117699e-02
1.558876332142301174e-02
1.309110029573437410e-02
1.168281966817443993e-02
1.342139803848480147e-02
1.908561755310290292e-02
1.705474817997528272e-02
1.426215404247936983e-02
1.208201347129275391e-02
1.625051163469923982e-02
1.145632262281132130e-02
1.138721070036350681e-02
1.365204992358085012e-02
1.618321041431151214e-02
1.387667619334833138e-02
1.405735900089600914e-02
2.038629088060363997e-02
1.383362046613631664e-02
1.310870664766478240e-02
1.322771864237630955e-02
1.642115405104461676e-02
1.180822347285980477e-02
1.401641593376538701e-02
8.961662407999814936e-03
1.153497008930060540e-02
1.170475090107171885e-02
1.262204402129997113e-02
1.390624860254568995e-02
1.259113618502846754e-02
1.456414336558411321e-02
1.070272249394796545e-02
1.483811522547247470e-02
1.615605736251706295e-02
1.331490436717828844e-02
1.391502599892035022e-02
1.395147583801596702e-02
1.555382607839153782e-02
1.588589045385289250e-02
1.456212579362127675e-02
1.313438748100324155e-02
1.956588711291304405e-02
1.272848452350884736e-02
1.161381830579652323e-02
1.637869749356940866e-02
