1.399271134183343798e-02
1.315642884579048752e-02
1.640496516018513304e-02
1.611879904256692184e-02
1.398608013090156532e-02
1.462958088696268005e-02
1.214596167907360143e-02
1.196986066563539113e-02
1.165355754348413805e-02
1.729900076459166963e-02
1.658869684541210837e-02
1.657062563165644792e-02
1.565901029324119620e-02
1.484430642649172370e-02
1.821741224506769410e-02
1.676559056057752919e-02
1.514103180376797156e-02
1.663466725772354271e-02
1.601260141290274108e-02
1.044379091901357325e-02
1.692156350650726379e-02
1.279328908382269467e-02
1.312450305372956337e-02
1.537746608671060507e-02
1.147608340301685924e-02
1.300173352195898267e-02
1.317510450687118043e-02
1.338818803687007522e-02
1.473448814677316004e-02
1.818502960897299195e-02
1.321672206489846874e-02
1.497404522189054246e-02
1.360967779645317136e-02
1.631476566017000390e-02
1.177268148424684413e-02
1.872703498339606254e-02
1.077484451602269203e-02
1.716333799759786269e-02
1.571846626468553082e-02
1.579919243509208399e-02
1.260422540818574924e-02
1.419209074290952999e-02
1.003085018919335977e-02
1.611753947468185649e-02
1.484126346804173421e-02
1.493326497934996389e-02
1.422094471202759412e-02
1.301628116925417251e-02
1.184004242442546206e-02
1.314576727620719865e-02
1.753382085336156401e-02
1.050999782176033695e-02
1.379127002807354826e-02
1.409451854207781178e-02
1.374020964010569390e-02
1.128660783706610451e-02
1.364432538641397602e-02
1.391388092011286090e-02
1.383672027638195058e-02
1.331373744615474419e-02
1.392452915781382076e-02
1.384154474621971179e-02
1.668241171619168697e-02
1.083509735545285825e-02
1.534881415932738344e-02
1.283192618708280282e-02
1.308325871298292656e-02
1.305782648304275317e-02
1.417622442598676091e-02
1.712811162354798550e-02
