1.000000000000000000e+01
4.900000000000000000e+01
4.900000000000000000e+01
6.900000000000000000e+01
1.000000000000000000e+01
1.000000000000000000e+01
6.900000000000000000e+01
4.900000000000000000e+01
1.000000000000000000e+01
1.000000000000000000e+01
1.000000000000000000e+01
1.000000000000000000e+01
1.000000000000000000e+01
4.900000000000000000e+01
6.900000000000000000e+01
6.400000000000000000e+01
3.800000000000000000e+01
6.400000000000000000e+01
6.400000000000000000e+01
3.900000000000000000e+01
2.200000000000000000e+01
3.900000000000000000e+01
3.900000000000000000e+01
5.800000000000000000e+01
5.800000000000000000e+01
2.200000000000000000e+01
2.200000000000000000e+01
6.400000000000000000e+01
2.200000000000000000e+01
6.400000000000000000e+01
4.200000000000000000e+01
5.000000000000000000e+01
5.000000000000000000e+01
4.200000000000000000e+01
4.200000000000000000e+01
4.200000000000000000e+01
4.200000000000000000e+01
4.200000000000000000e+01
4.200000000000000000e+01
5.000000000000000000e+01
5.000000000000000000e+01
5.000000000000000000e+01
5.000000000000000000e+01
4.200000000000000000e+01
5.000000000000000000e+01
3.000000000000000000e+00
4.400000000000000000e+01
4.400000000000000000e+01
4.400000000000000000e+01
4.400000000000000000e+01
1.200000000000000000e+01
6.600000000000000000e+01
1.200000000000000000e+01
1.200000000000000000e+01
6.600000000000000000e+01
4.400000000000000000e+01
4.400000000000000000e+01
5.700000000000000000e+01
3.000000000000000000e+00
6.400000000000000000e+01
6.000000000000000000e+01
6.000000000000000000e+01
1.900000000000000000e+01
1.900000000000000000e+01
1.900000000000000000e+01
1.600000000000000000e+01
3.200000000000000000e+01
1.900000000000000000e+01
1.900000000000000000e+01
6.000000000000000000e+01
6.000000000000000000e+01
1.900000000000000000e+01
3.400000000000000000e+01
1.900000000000000000e+01
3.400000000000000000e+01
1.700000000000000000e+01
3.200000000000000000e+01
3.200000000000000000e+01
5.600000000000000000e+01
5.600000000000000000e+01
5.600000000000000000e+01
3.200000000000000000e+01
3.200000000000000000e+01
3.200000000000000000e+01
3.200000000000000000e+01
5.600000000000000000e+01
5.600000000000000000e+01
5.600000000000000000e+01
3.200000000000000000e+01
5.600000000000000000e+01
3.200000000000000000e+01
6.000000000000000000e+01
6.000000000000000000e+01
3.200000000000000000e+01
3.200000000000000000e+01
3.200000000000000000e+01
3.200000000000000000e+01
3.200000000000000000e+01
3.200000000000000000e+01
3.200000000000000000e+01
6.000000000000000000e+01
3.200000000000000000e+01
3.200000000000000000e+01
3.200000000000000000e+01
1.600000000000000000e+01
5.800000000000000000e+01
5.800000000000000000e+01
5.800000000000000000e+01
3.800000000000000000e+01
3.800000000000000000e+01
2.200000000000000000e+01
3.800000000000000000e+01
3.800000000000000000e+01
3.800000000000000000e+01
3.800000000000000000e+01
6.400000000000000000e+01
3.800000000000000000e+01
3.900000000000000000e+01
3.900000000000000000e+01
5.800000000000000000e+01
