1.484909304600925094e-02
1.491016367813789018e-02
1.220533106348587610e-02
1.436025231756725244e-02
1.538526470957679755e-02
1.739636516581104936e-02
1.415785365531356532e-02
1.235169091704937418e-02
1.526476732413361952e-02
1.118440503663054204e-02
1.938325589937935425e-02
1.193928805556415153e-02
1.422699694558987593e-02
1.112288314912868170e-02
1.229754846890278482e-02
1.150741324003304832e-02
1.376661142514787328e-02
1.160526302406357860e-02
1.446845335928699343e-02
1.540887444420338710e-02
1.227088734527571195e-02
1.488627551624337533e-02
1.254414623018758161e-02
1.254818356533799091e-02
1.712170439659052926e-02
1.306340260997781652e-02
1.422097184327302671e-02
1.799755169187757659e-02
1.661147089271190411e-02
1.575241689187864558e-02
1.307310872033961083e-02
1.412045384034129637e-02
1.882122180928803498e-02
1.531584259748890869e-02
1.507009569638503160e-02
1.373339758297672381e-02
1.384664252169796883e-02
1.458877349851362901e-02
1.649667182240236590e-02
1.483077417088502978e-02
1.224734379337832565e-02
1.275565623066944772e-02
1.670862375364945071e-02
1.320660783319989491e-02
1.630627511965003842e-02
1.249500568833739576e-02
1.678474530000258202e-02
1.282907481379887658e-02
1.113181154244222495e-02
1.483328845997336498e-02
1.416478544796505659e-02
1.808773920427055384e-02
9.955384155516576461e-03
1.253479411196141424e-02
1.542268003688471167e-02
1.234736800185916999e-02
1.432460741542985853e-02
1.823102139054997434e-02
1.596005030199584146e-02
1.839736161364995473e-02
1.394388616924332851e-02
1.443032490680161949e-02
1.323314094705949941e-02
1.422000717479818092e-02
1.313965036101417613e-02
1.312023899115150743e-02
1.465596459832391174e-02
1.219778239035605727e-02
1.334885384374658729e-02
1.428015823363278786e-02
