1.813698295998688106e-02
1.186260482129502906e-02
1.600323696330885337e-02
1.699045477710372024e-02
1.691766163890642827e-02
1.093916761308237617e-02
1.116376371713424451e-02
1.560769057590027584e-02
1.338325018065206554e-02
1.389851820326784733e-02
1.353002321211795381e-02
1.592841585547785307e-02
1.460170086981536774e-02
1.484621801329864821e-02
1.632115667694201272e-02
1.279692126702327258e-02
1.430921639363110821e-02
1.481675507214223059e-02
1.547949732497446926e-02
1.623610371446286213e-02
1.446316939580825391e-02
1.360464591330325969e-02
1.015668323197670142e-02
1.322507707105179293e-02
1.473523221073563816e-02
1.647861792192261560e-02
1.623869604646135598e-02
1.421254309711324736e-02
1.425276712450120400e-02
1.411465290473865389e-02
1.450804580751400251e-02
1.639318533301254571e-02
1.400287937625638995e-02
1.199688996383657495e-02
1.681528098328647844e-02
1.900480226426429220e-02
1.363045532985680125e-02
1.963528658379126365e-02
1.541532733098425166e-02
1.325107059657912485e-02
1.375458356823751858e-02
1.270576773495317620e-02
1.191383946071465291e-02
1.407405195989648236e-02
1.339889290768618568e-02
1.213696428538574290e-02
1.645229370928144585e-02
1.289063882811432131e-02
1.260164826119974761e-02
1.629050250157442967e-02
1.552459316996961276e-02
1.737724392426048467e-02
9.418470878860963139e-03
1.272627243710986247e-02
1.742804016742261972e-02
1.467193704519990406e-02
1.176058902347373175e-02
1.152880393408856931e-02
1.257812134454798850e-02
1.165393840422571450e-02
1.408606679915511313e-02
1.375843342168278118e-02
1.414252252162102354e-02
1.520875480488379471e-02
1.419640530749736486e-02
1.416721901150666887e-02
1.194838776813826782e-02
1.089319994235318952e-02
1.855105455792132804e-02
1.225611398151955737e-02
