1.513885937349321309e-02
1.149561558705450813e-02
1.357146025765908204e-02
1.145936922206638314e-02
1.360454918437295491e-02
1.396112664488991829e-02
1.591325789570584293e-02
1.824131603095774032e-02
1.008826563036174101e-02
1.883711280876273694e-02
1.909908061887418199e-02
1.454674466030728489e-02
1.877576656919859727e-02
1.674893610948118700e-02
1.384036074692546713e-02
1.646087190441686623e-02
1.125475884781793404e-02
1.736318393098022425e-02
1.124563543560448166e-02
1.405653017104897644e-02
1.485455579447034387e-02
1.348250127836200969e-02
1.587333746333181167e-02
1.670915581132864300e-02
1.452651363323237237e-02
1.111380543206354904e-02
1.470532381817252383e-02
1.176297948231812621e-02
1.287275192598087530e-02
1.663254943679552331e-02
1.148078417613895841e-02
1.704417393616005152e-02
1.245511079166004322e-02
1.278613781276130394e-02
1.203349845291834704e-02
1.224281764880701465e-02
1.384497756232802752e-02
1.520425702719929370e-02
1.375193274753675789e-02
1.326594262446950667e-02
1.253104269611825944e-02
1.899784903646353773e-02
1.630056345168044707e-02
1.278357188928527614e-02
1.740421267817154199e-02
1.090576073547187309e-02
1.264803934998956665e-02
1.388075398672903617e-02
1.392877966142664313e-02
1.426592726472360011e-02
1.617803803692811210e-02
1.501840582651546747e-02
1.078893397975793159e-02
1.034892651738851532e-02
1.232434734596568604e-02
1.191578218580864948e-02
1.676362354757954948e-02
1.307049801550254180e-02
1.319138179857234569e-02
1.850915894675586593e-02
1.463285400273563013e-02
1.488037526338713105e-02
1.206379069964159598e-02
1.090620303856326342e-02
1.702615083667464654e-02
1.339868411606621491e-02
1.674039196913523070e-02
1.520051687699070994e-02
1.209581466596647455e-02
1.895371309399027787e-02
