1.248165365671255814e-02
1.306990963200121633e-02
1.537466562308312593e-02
1.186279551449646516e-02
1.214759243974084316e-02
1.412547895513143609e-02
2.012651813233857709e-02
1.236840982057979370e-02
1.263750128615966258e-02
1.248932743059640547e-02
1.468221991820165342e-02
1.668636249689447321e-02
1.956507041488712503e-02
1.524514767531613170e-02
1.298237572626551213e-02
1.655109807430249144e-02
1.226789336534538262e-02
1.057830356898213121e-02
1.137740504912582683e-02
1.348059158854061391e-02
1.047447858323819966e-02
1.536009208292282192e-02
1.261397334852904124e-02
1.386073189603823606e-02
1.614675351009108029e-02
1.891831239098034148e-02
1.963629396258241566e-02
1.765372910113369859e-02
1.546691538964866178e-02
1.384545702412779376e-02
1.344402806255953764e-02
1.623547410678580216e-02
1.197762857990021870e-02
1.234193296394152546e-02
1.486400229817447585e-02
1.456880996200574790e-02
1.486540943198371399e-02
1.336613577815121134e-02
1.390627801157324345e-02
1.503075139984856243e-02
1.652328750515180342e-02
2.109778038967348793e-02
1.377638791714602511e-02
1.411315358304006569e-02
1.563989897799801521e-02
1.424389302335522106e-02
1.588453727277490055e-02
1.352797907009342659e-02
1.448274953731628484e-02
1.462544159128028980e-02
1.398532038357429806e-02
1.420550208346580551e-02
1.339248368835748403e-02
1.298088984866017925e-02
1.292162181516806445e-02
1.526046440305034099e-02
1.264574371974445770e-02
1.299077259042022772e-02
1.660124460970499247e-02
1.312420450129814231e-02
1.508331612130326717e-02
1.725650302725308116e-02
1.303067844790923961e-02
1.262020798744771348e-02
1.161674753871305699e-02
1.302393708066811734e-02
1.187831787944709783e-02
1.442069952008298052e-02
1.212403874585657806e-02
1.224468888712756769e-02
