1.288064224900952078e-02
1.437758274691742708e-02
1.343087281684753748e-02
1.607565910499813427e-02
1.528063115457454872e-02
1.358420264269944930e-02
1.324509856455966840e-02
1.539276239717290995e-02
1.790269413901674975e-02
1.724991065359070957e-02
1.409074425484074279e-02
1.532586009341188431e-02
1.285179351592789961e-02
1.204776278766095214e-02
1.220364941093017748e-02
1.357646068132551190e-02
1.602963662748060555e-02
1.256512039550574528e-02
1.131693168421571763e-02
1.454647920837838330e-02
1.187877747289896140e-02
1.725782414256108593e-02
1.574108557136272638e-02
1.373783702668981976e-02
1.256517963568942568e-02
1.548914797722890889e-02
1.165359570979415324e-02
1.183994920526614501e-02
1.189239958176691730e-02
1.396950730388677939e-02
1.179837190239275448e-02
1.500767766363686473e-02
1.421262034316746713e-02
1.162184932646835936e-02
1.525535239691138030e-02
1.353823395696215730e-02
1.315970588630853422e-02
1.428367791704163170e-02
1.273620525391769460e-02
1.563672843355295994e-02
1.278159475646500724e-02
2.191638086648422384e-02
1.381118205316011864e-02
1.272008733688012420e-02
1.575920488662685068e-02
1.767746565365858891e-02
1.403313441606579906e-02
1.355917756965012953e-02
1.297315899143522411e-02
1.446525085279358816e-02
1.423468382097927386e-02
1.538868592925251265e-02
1.291084853589195836e-02
1.416413642081863940e-02
1.571242880685238402e-02
1.744042535547664363e-02
1.703814622408095225e-02
1.483110065463670059e-02
1.797719899832189022e-02
1.170986514048106934e-02
1.495442245315204213e-02
1.467096515749875645e-02
1.422635338259494592e-02
1.840946311934462537e-02
1.757893921237535864e-02
1.226005274023700929e-02
1.296227188157695297e-02
1.104758185865502979e-02
1.227139927636947299e-02
1.326417181161516565e-02
