1.344106806429022291e-02
1.292749522521811217e-02
1.389441698559946634e-02
1.269756771089584728e-02
1.083751580327850864e-02
1.430038520004038756e-02
1.858785355500286798e-02
1.405039125287278583e-02
1.300783304289112631e-02
1.266282496485310848e-02
1.141663951000016115e-02
1.109450489221836325e-02
1.445109465837030559e-02
1.435582748929366791e-02
1.082173901890388923e-02
1.958645976542097711e-02
1.219911295627805654e-02
1.972095222670084899e-02
1.334557480431373955e-02
1.520867089792376364e-02
1.358619745989779991e-02
1.445588584372967632e-02
1.471809927117576251e-02
8.168044260355698111e-03
1.570157336911033596e-02
1.006440428056315506e-02
1.868542438494166097e-02
1.632236243830430256e-02
1.468955353014545807e-02
1.279087400790918615e-02
1.216474362663667354e-02
1.566011975697104500e-02
1.510973307078792953e-02
1.339770688547499249e-02
1.575880991752437801e-02
1.491952608755133663e-02
1.084768584026851203e-02
1.158827978953526350e-02
1.156979280290174397e-02
1.537090858458731342e-02
1.331279828459964315e-02
1.978551439294542677e-02
1.595114460273770393e-02
1.449319438100378499e-02
1.468677660584784966e-02
1.642922608920973845e-02
1.408795076444373934e-02
1.409598658867996027e-02
1.806339293860555542e-02
1.416215101489206978e-02
1.367964355877261673e-02
1.491502052209409471e-02
1.010410810793449347e-02
1.939011248262841741e-02
1.730961382883225083e-02
1.438998099434513588e-02
1.654840561381761346e-02
1.250222367008836828e-02
1.499634564812689710e-02
1.025682416844330216e-02
1.361826946912098567e-02
1.515902976899773796e-02
1.429264083419769064e-02
1.514748207643783207e-02
1.607628986496567602e-02
1.587539137461976488e-02
1.630949719829780792e-02
1.570684343267255562e-02
1.182322569245416143e-02
1.265326279744854315e-02
