1.265055293217852948e-02
1.453450853888212102e-02
1.448312652187480794e-02
1.585673356962624334e-02
1.363832069473291941e-02
1.429292993321335491e-02
1.271775836703994446e-02
1.460720286520343809e-02
1.159058772211188533e-02
1.152192219968486801e-02
1.348445952030966760e-02
1.538288777356384626e-02
1.522066301958940882e-02
1.022856082493700698e-02
1.323042687012295632e-02
1.759264929706271657e-02
1.348915312504560260e-02
1.331788441289915095e-02
1.242973719282852371e-02
1.105892884413024919e-02
1.267855949609784580e-02
1.434749329138499015e-02
1.193444134767190565e-02
1.603399103434408057e-02
1.422328030899369135e-02
1.753256793569078417e-02
1.317999945445326795e-02
1.643865248117064651e-02
1.456324993107526236e-02
1.227525414617434973e-02
1.695103790862094451e-02
1.698825399620640039e-02
1.518423640234736922e-02
1.346476720983191648e-02
1.227666849822776386e-02
1.491336833490043354e-02
1.516938463043184145e-02
1.435537462560138554e-02
1.280373946544350813e-02
1.668422733603311739e-02
1.591713346281107416e-02
2.064860623757406102e-02
1.400562071040929550e-02
1.788985726824765532e-02
1.490656548695000298e-02
1.292392135929795911e-02
1.248236652442997682e-02
1.798755130724991741e-02
1.203144900792672660e-02
1.425633850807111677e-02
1.510317327967802825e-02
1.370932771264802251e-02
1.343588032943476146e-02
1.345932044967981453e-02
1.275487439892736448e-02
1.696689643067521985e-02
1.226996838509636020e-02
1.242170420848834680e-02
1.553407839232931985e-02
1.136343934422550696e-02
1.487328875308153997e-02
1.532510628488304404e-02
2.257848315433315378e-02
2.175453598958202936e-02
1.244427240394426794e-02
1.161364440809839124e-02
1.060354016750057748e-02
1.302947896845260516e-02
1.449597912469101531e-02
9.886055881543821811e-03
