1.197582955588862713e-02
1.116692911378410445e-02
1.501128581778045194e-02
1.411140931318913272e-02
1.495751413549849251e-02
1.293098092917512043e-02
1.418435169819015282e-02
1.405404819402663978e-02
1.626364124465779284e-02
1.353437083263606122e-02
1.872723766868537865e-02
1.621828728280636303e-02
1.366656068714833423e-02
1.414911912047205761e-02
1.499825076828571746e-02
1.404866953380120263e-02
1.478124041020648094e-02
1.279268066951357030e-02
1.337625028686199868e-02
1.639899725793516477e-02
1.229467865578477183e-02
1.229837807986152581e-02
1.470986135456898297e-02
1.126656742239551950e-02
1.537108333142443196e-02
1.478205565324058890e-02
1.161224105790382120e-02
1.371674821269176954e-02
1.755579467535232224e-02
1.349979482697914041e-02
1.259001988020547538e-02
1.846814949630701599e-02
1.418840291532551257e-02
1.246702630024645354e-02
1.502656867663886876e-02
1.542228187631910705e-02
1.438495066188354848e-02
1.155161634648564986e-02
1.260686397393729827e-02
1.629311039530777216e-02
1.418483477483273997e-02
1.291708830574655152e-02
1.096098854081430964e-02
1.847181782056937782e-02
1.485303490246250337e-02
1.391316089607514718e-02
1.405668954764851056e-02
1.118281039748571064e-02
1.641133398075967503e-02
1.344584024006675697e-02
1.307264980952729284e-02
1.369288861007309822e-02
1.381191930337462466e-02
1.899580394265516781e-02
1.748592350610599436e-02
1.234276777872758170e-02
1.178205800808744715e-02
1.502502345289600388e-02
1.443827177594443276e-02
1.546539378381988489e-02
1.693474607672037710e-02
1.279382861838641861e-02
1.186112480789641363e-02
1.406893754403583906e-02
1.957462277240049411e-02
1.757758297218807789e-02
1.161341326338429999e-02
1.556616318949905278e-02
1.129675784903387895e-02
1.474867521537992672e-02
