0.000000000000000000e+00
0.000000000000000000e+00
0.000000000000000000e+00
0.000000000000000000e+00
0.000000000000000000e+00
0.000000000000000000e+00
0.000000000000000000e+00
0.000000000000000000e+00
0.000000000000000000e+00
0.000000000000000000e+00
0.000000000000000000e+00
0.000000000000000000e+00
0.000000000000000000e+00
0.000000000000000000e+00
0.000000000000000000e+00
3.500000000000000000e+01
3.500000000000000000e+01
3.500000000000000000e+01
5.900000000000000000e+01
5.900000000000000000e+01
5.900000000000000000e+01
5.900000000000000000e+01
5.900000000000000000e+01
2.000000000000000000e+00
2.000000000000000000e+00
2.000000000000000000e+00
2.000000000000000000e+00
2.000000000000000000e+00
2.000000000000000000e+00
2.000000000000000000e+00
6.800000000000000000e+01
3.600000000000000000e+01
3.600000000000000000e+01
1.000000000000000000e+00
1.000000000000000000e+00
1.000000000000000000e+00
1.000000000000000000e+00
1.000000000000000000e+00
1.000000000000000000e+00
1.000000000000000000e+00
1.000000000000000000e+00
1.000000000000000000e+00
1.000000000000000000e+00
1.000000000000000000e+00
1.000000000000000000e+00
4.100000000000000000e+01
4.100000000000000000e+01
4.100000000000000000e+01
4.100000000000000000e+01
4.100000000000000000e+01
4.100000000000000000e+01
4.100000000000000000e+01
4.100000000000000000e+01
4.100000000000000000e+01
4.100000000000000000e+01
4.100000000000000000e+01
4.100000000000000000e+01
4.100000000000000000e+01
4.100000000000000000e+01
4.100000000000000000e+01
3.200000000000000000e+01
3.200000000000000000e+01
3.200000000000000000e+01
3.200000000000000000e+01
5.800000000000000000e+01
3.200000000000000000e+01
3.200000000000000000e+01
3.200000000000000000e+01
3.200000000000000000e+01
3.200000000000000000e+01
3.200000000000000000e+01
3.200000000000000000e+01
3.200000000000000000e+01
3.200000000000000000e+01
3.200000000000000000e+01
