1.322543017473938945e-02
1.349465457067359694e-02
1.308145893709185791e-02
1.555819292501825490e-02
1.266492936659860923e-02
1.826316648900159698e-02
1.596314749336713579e-02
1.393210364417869426e-02
1.211401608188908754e-02
1.876821831504156199e-02
1.502951747050311829e-02
1.158955267456954555e-02
1.270977426262605986e-02
1.478525809722074785e-02
1.428914320768292015e-02
1.151844059917873572e-02
1.473945968727192329e-02
1.412784990123247021e-02
1.095818451624989975e-02
1.426398394224371972e-02
1.574735373342505199e-02
1.583177273505681840e-02
1.531331020204588361e-02
1.476275644527735333e-02
1.485050235941115689e-02
1.416859291157364711e-02
1.520090840712441140e-02
1.252240789662000149e-02
1.473017759126693006e-02
9.926825359534829224e-03
1.225753257112024985e-02
1.618946808143274796e-02
1.604612455780306951e-02
1.161900650797510412e-02
1.367888063012039947e-02
1.283464003582820284e-02
1.915657694591849786e-02
1.581797786508708573e-02
1.155350436051669205e-02
1.386019322175401428e-02
2.083201567940765747e-02
1.814311045357549362e-02
1.158431664872223120e-02
1.584136110352708793e-02
1.293898283882074021e-02
1.020223047760996336e-02
1.596488017739572038e-02
1.161787172597422008e-02
1.138556606634949855e-02
1.647459807587347072e-02
1.427615976395907316e-02
1.248066859387537107e-02
1.214205811963414879e-02
1.389560230191847628e-02
2.015447160842033861e-02
1.642869276579100174e-02
1.554341003877143627e-02
1.252147309203677748e-02
1.360912069259778701e-02
1.263730947183177786e-02
1.417895507023050027e-02
1.541320663095398745e-02
1.859494091170639518e-02
1.606403856857927318e-02
1.729908624067753517e-02
1.091661396783915119e-02
1.513747543322862057e-02
1.374288652779477420e-02
1.128047318927226719e-02
1.155342898835432473e-02
