1.833892123823882905e-02
1.470487627597658921e-02
1.317952554982391306e-02
1.569168205109083142e-02
1.320002915430421898e-02
1.518367530057213900e-02
1.135182009460911599e-02
1.293445384233636759e-02
1.332221429813756734e-02
1.185791521034587452e-02
1.328725849408892400e-02
1.439920132523589934e-02
1.329559307418869477e-02
9.445364568251858259e-03
1.741517543883755806e-02
1.320338964113430651e-02
1.340686139725483055e-02
1.195122586437084335e-02
1.171433162241787562e-02
1.283835041715424181e-02
1.022135300031671093e-02
1.571643991367660531e-02
1.430036892770931642e-02
1.478158864027615850e-02
1.877008375939768006e-02
1.328644345123305634e-02
1.305392850010157237e-02
1.460936491056691496e-02
1.706916923633153282e-02
1.415602672147528961e-02
1.252871091436814563e-02
1.461569300065167221e-02
1.129196098471421834e-02
1.465221371299397883e-02
1.192555737885034849e-02
1.441497547827250321e-02
1.670742238355470491e-02
1.603136688619407474e-02
1.583100497755367611e-02
1.156968059187170154e-02
1.474179298007680973e-02
1.525357371681569131e-02
1.380444673457363255e-02
1.692962566398469038e-02
1.192008455737876213e-02
1.258181119245091809e-02
1.447426046419331147e-02
1.911192084652659981e-02
1.728694315579439034e-02
1.386563880892452590e-02
1.456736803633850753e-02
1.357579659239216245e-02
1.185049184855406501e-02
1.644065123735827597e-02
1.480184005632314941e-02
1.497354364965613853e-02
1.450868811783337202e-02
1.697255590243623019e-02
1.577702438481750138e-02
1.631924757136533899e-02
1.409799801400103171e-02
1.484438432465864238e-02
1.245865218183042807e-02
1.335442549187545840e-02
1.795193422787111012e-02
1.476122002583226886e-02
1.676781111056307658e-02
1.279088355669752951e-02
1.519162272660315623e-02
1.176854459379269788e-02
