1.640885522357615062e-02
1.250364307495971904e-02
1.106636806042157403e-02
1.650108377244663763e-02
1.267890181187921080e-02
1.751414166911953799e-02
1.081346216808643478e-02
1.426086670925426000e-02
1.711379288810239291e-02
1.300308902615556796e-02
1.457740437165825492e-02
1.640186561973074400e-02
1.532832418976858013e-02
1.895488561992987250e-02
1.402645981249333977e-02
1.426161423228783712e-02
1.120314792112962927e-02
1.556136649058169341e-02
1.291729343907624915e-02
1.350023951518374184e-02
1.257974243939943317e-02
1.299634410483879558e-02
1.530679307805059459e-02
1.281747498472635485e-02
1.188876065400755640e-02
1.134028557149723004e-02
1.456590781028311091e-02
1.070661697482676832e-02
1.622797006638621378e-02
1.359519470004770872e-02
1.292611097482366730e-02
1.712767624416730583e-02
1.255178171571053047e-02
1.151564364553282240e-02
1.365439376266174877e-02
1.312479188239794488e-02
1.399949659247416364e-02
1.638371527071735487e-02
1.342866371552646487e-02
1.878438056394486980e-02
1.748893865564491237e-02
1.609391382690076797e-02
1.489122541272101981e-02
1.583767199801772857e-02
1.151944301388263189e-02
1.359591064312518430e-02
1.489814563513040466e-02
1.237253430122785269e-02
1.362260175761257838e-02
2.110541418100382247e-02
1.623379692278017691e-02
1.117268964469036487e-02
1.502703308907799365e-02
1.293601698080035743e-02
1.560776347908277191e-02
1.488537219795166289e-02
1.374534759730789216e-02
1.587410387029284872e-02
1.007021174118382691e-02
1.187630330884083610e-02
1.352872750917135693e-02
1.269439975294510241e-02
1.635962601069314293e-02
1.522439844047509920e-02
1.271095586710402695e-02
1.378464651004183451e-02
1.450547537135278044e-02
1.654188776778729719e-02
1.426196266023324957e-02
1.741493148505852268e-02
