1.462648568357919482e-02
1.244571147234776846e-02
1.226231559873870204e-02
1.537950822404339675e-02
1.382028356471567271e-02
1.268336330069582893e-02
1.522607072279530578e-02
1.453006629716296558e-02
1.324010702259467709e-02
1.438634900808879145e-02
1.267568959269124544e-02
1.558670338597472650e-02
1.353692128854560098e-02
1.258745784043140310e-02
1.141019424120326420e-02
1.323425033981857901e-02
1.988230649185570090e-02
1.552017400121720112e-02
1.389885705646460960e-02
1.738024690151611720e-02
1.819860414794291850e-02
1.807581252353110055e-02
1.409342033700673041e-02
1.654684361831986958e-02
1.191175344908522102e-02
1.288256399787501144e-02
1.621252266030678152e-02
1.341977236864287139e-02
1.281319802064425674e-02
1.164103852708260958e-02
1.414010273963950404e-02
1.210726569268178593e-02
1.658603036636146014e-02
1.528289166985226898e-02
1.315845488796670015e-02
1.577002871076738783e-02
1.242008282409969022e-02
1.329906482904999292e-02
1.597562621258719062e-02
1.551416874295674479e-02
1.334504796335719314e-02
1.739834653456275373e-02
1.586619813499841325e-02
1.401256728577971768e-02
1.306904130528293087e-02
1.883871003354265633e-02
1.015645902193624411e-02
1.152906837856897300e-02
2.120806379488524018e-02
1.316883608771133619e-02
1.480730602401987908e-02
1.386458881540495076e-02
1.160271258798875778e-02
1.199759166191644716e-02
1.430417400575138658e-02
1.575621368047084095e-02
1.386652343005256513e-02
1.314444133789934369e-02
1.656557861485837696e-02
1.409149736587816254e-02
1.421005682849162989e-02
1.353734356785934664e-02
1.171582439594965643e-02
1.173574238509933476e-02
1.807888649007046225e-02
1.719992888973169431e-02
1.152492205849592506e-02
1.504238407467966068e-02
1.228413881660678220e-02
1.171549806726845770e-02
