1.210276394894581678e-02
1.549919857820545449e-02
1.567223594670157788e-02
1.493912216074469966e-02
1.461265408487944645e-02
1.704953345014365712e-02
1.752277177935593344e-02
1.236904621709051036e-02
1.522381433216079410e-02
1.352235897293532947e-02
1.189019766882344273e-02
1.480871344570934556e-02
1.256545576713406775e-02
1.177821685042436048e-02
1.502664462586215249e-02
1.537315002604117478e-02
1.527364579255184075e-02
1.479172640679578266e-02
2.054895945669712662e-02
1.471041683210762806e-02
1.307712905470632438e-02
1.601693219378455893e-02
1.612345844452879595e-02
1.458787652004058834e-02
1.622069574144885395e-02
1.304170508363807456e-02
1.389644476465851097e-02
1.066018831118414889e-02
1.437077187010215966e-02
1.068646388386643858e-02
1.285871936594809931e-02
1.570107270580696837e-02
1.052227233980221159e-02
1.545110196174274107e-02
1.009079903367023079e-02
1.222675707037556257e-02
1.837081138774767503e-02
1.316361584825818769e-02
1.337707903238246655e-02
1.609072877061212131e-02
1.193005116775718889e-02
1.245574819692818469e-02
1.525287840133279609e-02
1.469934400814222955e-02
1.641706716727589499e-02
1.674912631832595894e-02
1.654614266286425286e-02
1.223485578794440524e-02
1.506599329066601184e-02
1.229745636486566027e-02
1.692479714243435435e-02
1.757147587618848594e-02
1.392784491311608967e-02
1.578617692508381062e-02
1.327255347079969380e-02
1.528738227149940322e-02
1.363231643693163866e-02
1.600519589362315448e-02
9.705440463336852466e-03
1.343523792984941539e-02
9.601883367727158045e-03
1.323498148344117407e-02
1.542407561854501619e-02
1.162202042642695304e-02
1.399730048548277102e-02
1.818645336398286641e-02
1.300278478362133956e-02
1.745348138903363155e-02
1.343562398122153008e-02
1.302906068393763946e-02
