1.249671628000969918e-02
1.522974703826590788e-02
1.483079929389488107e-02
1.860248357030799132e-02
1.595980706285575132e-02
1.191142036526791383e-02
1.480714449590845271e-02
1.298613032083315889e-02
1.314282871054029030e-02
1.796571283339841105e-02
1.244775842981608351e-02
1.288495201049858103e-02
1.129860692137247928e-02
1.559801818659661832e-02
1.684393332363280302e-02
1.049368592575946127e-02
1.166495108015976404e-02
1.227466540347951079e-02
1.503320907615316240e-02
1.357425494334959203e-02
1.460258160178367834e-02
1.460253610824250106e-02
1.209477449483445724e-02
1.552935989596617751e-02
1.322764946215104938e-02
1.386144011172801144e-02
1.466489622702618796e-02
1.420514303076227981e-02
1.316683870500657758e-02
1.644845172950850851e-02
1.574778992721720047e-02
1.361310861872645946e-02
1.068194772650146035e-02
1.182535402763410480e-02
1.627919706985312201e-02
1.474483900090333734e-02
1.366261807435067629e-02
1.339369352996676310e-02
1.649851440995205726e-02
1.432663908675724761e-02
1.648640949838456327e-02
1.523015130863904568e-02
1.938550261292169494e-02
1.267353340502294645e-02
1.905169499872660238e-02
1.910853711650792319e-02
1.255664634075362614e-02
1.529454174658621303e-02
1.269734741244625022e-02
1.142542600981277280e-02
1.422262077428432941e-02
1.166970651405093741e-02
1.344859969204977197e-02
1.042350860167575582e-02
1.627419453779327743e-02
1.650167647754425052e-02
1.306589281244473905e-02
1.519459397061914338e-02
1.715775618911458480e-02
1.637189931773025409e-02
1.787993101982891450e-02
1.600246691526814244e-02
1.416373870485176240e-02
1.272104657586776467e-02
1.299272759534311067e-02
1.282231596403200606e-02
1.567882445732068919e-02
1.151022650331433653e-02
1.291002542159404298e-02
1.185425939449836520e-02
