1.437846216204176006e-02
1.500190770392335372e-02
1.757657135034860346e-02
1.303027936349892418e-02
1.254423432199312273e-02
1.172616091723708426e-02
1.098251122495903787e-02
1.853173473697419457e-02
1.134037850716211604e-02
1.259746571953831822e-02
1.198850084476551017e-02
1.384714032149015651e-02
1.503212539165277133e-02
1.152986337425676230e-02
1.150528007096225658e-02
1.315361151036064519e-02
1.640482958515552744e-02
1.295189814403342396e-02
1.612238925714679083e-02
1.551139720772593336e-02
1.415291127390277438e-02
1.612302069859835110e-02
1.197792384369007583e-02
1.394100896067985984e-02
1.472891199657949506e-02
1.799705588851854485e-02
1.669222013571197358e-02
1.511846558675524442e-02
1.470305499404786845e-02
1.256849519995707071e-02
1.579397815793892948e-02
1.246788972691109144e-02
1.640034487024501914e-02
1.579119017195812491e-02
1.309377478412022608e-02
1.703120299464733547e-02
1.522058695481423064e-02
1.443315783319155422e-02
1.225521670997821964e-02
1.172635350611945029e-02
1.545103318579544617e-02
1.486542178269404692e-02
1.554297674874776172e-02
1.633834219630601881e-02
1.189916117000530335e-02
1.844129138342888441e-02
9.672997293665674262e-03
1.452357691329037373e-02
1.214137450968107851e-02
1.421631978586693386e-02
1.197932797916994967e-02
1.732177918317670193e-02
1.359478694658003591e-02
1.374011866486754378e-02
1.364199618393362873e-02
1.588143178891530949e-02
1.248679635759536617e-02
1.576416665854666471e-02
2.041938297199207344e-02
1.478578484417493108e-02
1.453100615953858803e-02
1.534590964978976499e-02
1.374732812074156915e-02
1.169549674314424720e-02
1.522003635539988242e-02
1.295025509947346845e-02
1.595286111630115494e-02
1.212425212788477251e-02
1.383431337830256201e-02
1.391696869739874644e-02
