1.273938909954359239e-02
1.368528462314348368e-02
1.461770733147532524e-02
1.243940507954425373e-02
1.288023344883294785e-02
1.886255127204699081e-02
1.348136459344104199e-02
1.708314932136374698e-02
1.220069177629779476e-02
1.896467800993916625e-02
1.497185768124291438e-02
1.606063434154799546e-02
1.435408153153370711e-02
1.334866434162202894e-02
1.327039384698287285e-02
1.263774911056435475e-02
1.177756264723726562e-02
1.206160035440083031e-02
1.667006793270655457e-02
1.161161081624076385e-02
1.193141240502500200e-02
1.403338046442746505e-02
1.521414573552998598e-02
1.364194953029721630e-02
1.722691935312666706e-02
1.350430752082577672e-02
1.574199122956894056e-02
1.399502198437402485e-02
1.175914384748371136e-02
1.555569441795451660e-02
1.721104817199871698e-02
1.280870938048594455e-02
1.244850107822548582e-02
1.194147452352283326e-02
1.115548822011843896e-02
1.457910881242337892e-02
1.623815890601581699e-02
1.656684388958804335e-02
1.911645318265392177e-02
1.148657642063109774e-02
1.249497819139964300e-02
1.740246835580538595e-02
1.214837378076576678e-02
1.486833008738700987e-02
1.597976626763884106e-02
1.473826135515591239e-02
1.426365431116452878e-02
1.638403278684394393e-02
1.278969938755222281e-02
1.513142670320096785e-02
1.787101685811341018e-02
1.289175183615634372e-02
1.428654496929441207e-02
1.157635166516206120e-02
1.312327951300624844e-02
1.173779568351058893e-02
1.539422300085757297e-02
1.481469472549376727e-02
1.581541804144922722e-02
9.757298173276463676e-03
1.526270702917016837e-02
1.412199135170279056e-02
1.505341238603643411e-02
1.379304866021084479e-02
2.002158610996870175e-02
9.180138706962432185e-03
1.473888962118106299e-02
1.466244471913562969e-02
1.598725554364822943e-02
1.383415394476491395e-02
