1.446314339383757142e-02
1.128930385866180885e-02
1.470800101089721895e-02
1.302180812969199776e-02
1.153586898959290535e-02
1.212000678846062753e-02
1.392914931195157920e-02
1.166222531568124679e-02
1.438927765718073931e-02
1.904542296424983905e-02
1.491643753512637838e-02
1.223042196261495129e-02
1.435211072349848460e-02
1.520156162350620038e-02
1.359173791729247939e-02
1.793022525003901829e-02
1.272499387924686844e-02
1.525136210247296856e-02
1.855556063769930181e-02
1.524840738384158553e-02
1.281494090916238462e-02
1.469549613841036710e-02
1.392609794849727217e-02
1.547072698646343065e-02
1.188750082057774340e-02
1.118921562208331430e-02
1.574409027217964566e-02
1.650828029507097131e-02
1.598839372101837353e-02
1.581452877303206328e-02
2.052937873619778072e-02
1.515283754465722964e-02
1.485968901953167200e-02
1.771704104112393693e-02
1.791040103786510629e-02
1.946271044322093677e-02
1.575327909394363610e-02
1.549712714412104439e-02
1.238063298036031455e-02
1.306419227885443485e-02
1.184765359790469937e-02
1.322798216447819246e-02
1.444300623338798731e-02
1.332626220460970436e-02
1.311792421901965960e-02
1.115795640735633976e-02
1.301250582804838393e-02
1.330917101234025714e-02
1.281659688194349694e-02
1.441244642323480894e-02
1.351813676280132735e-02
1.558983847706710106e-02
1.425709969598904815e-02
1.644716993491017118e-02
1.680185678848564873e-02
1.788710669910992604e-02
1.185112238776216652e-02
1.655925335906695967e-02
1.655297442604581129e-02
1.421316453983424190e-02
1.235489764846474034e-02
1.560885144442208071e-02
1.056156756149079050e-02
1.397167743951921275e-02
1.375439100045006829e-02
1.122221474628694489e-02
1.098388173974808660e-02
1.071983390075060237e-02
1.350112375149980018e-02
1.043874548205625530e-02
