1.689398328772574037e-02
1.509392873703121855e-02
1.289519892675586137e-02
1.407895929013993318e-02
1.333971766410224809e-02
1.334258248853749385e-02
1.690298596455522620e-02
1.224329886076078698e-02
1.022615905997851550e-02
1.135202323992094871e-02
1.057589890163311216e-02
1.345181751311623486e-02
1.354748794743891767e-02
1.763817033669680054e-02
1.384794548085827026e-02
1.229481209956504763e-02
1.413623407960538925e-02
1.489739107776649057e-02
1.564229412234754285e-02
1.282091636684877869e-02
1.507596234235780361e-02
1.314655465411126121e-02
1.650126401203144688e-02
1.477591574491898645e-02
1.374603402897296538e-02
1.455205258849298286e-02
1.236951228682622514e-02
1.598056632885229769e-02
1.299398471055528657e-02
1.573668210694281755e-02
1.590639338296241309e-02
1.251753913310142859e-02
1.409613880024057804e-02
1.302768903941608700e-02
1.654657306187241883e-02
1.285201916480275749e-02
1.372413184706998412e-02
1.914171994601019181e-02
1.469202051387751007e-02
1.248689611124837243e-02
1.300400107361678569e-02
1.502647688212168167e-02
1.337353259414462633e-02
1.666773335126934402e-02
1.541042327838845066e-02
1.592352246931710499e-02
1.603814122672192824e-02
1.473390915560622572e-02
1.462601565350718676e-02
1.403372259535239086e-02
1.664751268044652524e-02
1.176422439399079332e-02
1.658939257945026349e-02
1.358448467270403567e-02
1.569459028440527149e-02
1.655316661480861831e-02
1.543677566919789308e-02
1.338329299874090397e-02
1.665797959829198871e-02
9.124737078955589414e-03
1.289623514647889740e-02
1.214633474311398523e-02
1.106139008636890762e-02
1.420498949237864773e-02
1.221307332595434302e-02
1.706745448849642313e-02
1.280943144452068895e-02
1.379666322800583364e-02
1.738262944635429394e-02
1.705670849724194235e-02
