1.476716102772957298e-02
1.303845996410711409e-02
1.269828225156634932e-02
1.412211425265587871e-02
1.654459502360595621e-02
1.164509993290592169e-02
9.855675370704749388e-03
1.895926471465426283e-02
1.445987892195765845e-02
1.327286510335828548e-02
1.325127527119321531e-02
1.805882396986528346e-02
1.381477896213222437e-02
1.304557058508244716e-02
1.434506406435590888e-02
1.350867746288362918e-02
1.439185350252499863e-02
1.641937017090332532e-02
1.607015155824538175e-02
1.369604103783236132e-02
1.317363193194684944e-02
1.406496163401666118e-02
1.143411487071727996e-02
1.158493910216890077e-02
1.747755483209936095e-02
1.246075600264752274e-02
1.408699933324964945e-02
1.698558738575839389e-02
1.525993588869365390e-02
1.375563770098053688e-02
1.029747614464673368e-02
1.504249509278918553e-02
1.713815744402973421e-02
1.320561420304804112e-02
1.181638959024564062e-02
1.705636366879956581e-02
1.376759705420531853e-02
1.486104125475996504e-02
1.601910595815791982e-02
1.692982451212593498e-02
1.434499708793599004e-02
1.304551076114039525e-02
1.818859558748590552e-02
1.439210857204503875e-02
1.250184730112749269e-02
1.390524168967509008e-02
1.319671513121401484e-02
1.173714634351427123e-02
1.529831830431167827e-02
1.323997798488114538e-02
1.407114748554673042e-02
1.706574196783142497e-02
1.416224741484890630e-02
1.195692546905900884e-02
1.603093839223638378e-02
1.268398965676426418e-02
1.331821445597012980e-02
1.121473172231767998e-02
1.456110211711109104e-02
1.698159328400079132e-02
1.153498558904775435e-02
1.407253677083766634e-02
1.519651646547711885e-02
1.670623447526331518e-02
1.281899322236179986e-02
1.244971622439289619e-02
1.599849127945527152e-02
1.380607743899173179e-02
1.366345071729717017e-02
1.947272033450634515e-02
