2.800848044046031632e-02
3.257429445330888018e-02
2.338476076422794578e-02
1.333033915208030849e-02
2.504556809486790242e-02
1.600294417561322693e-02
1.352485920703035312e-02
2.142695018016046310e-02
2.491369379786978130e-02
1.582760750618630516e-02
2.615833876705381256e-02
1.544088648187779203e-02
9.938551570214242473e-03
2.380080671886565524e-02
2.736919938126171001e-02
2.957756861964713768e-02
1.618025555252367020e-02
1.533350358698280964e-02
2.464332116524632285e-02
2.896810418039368409e-02
3.033874972739991974e-02
1.925843114238099188e-02
1.938428519229367167e-02
3.468707260972158507e-02
1.463029320324206982e-02
1.407682852344510800e-02
1.700264087747640693e-02
1.377921561298053529e-02
1.748870316798594587e-02
1.606190945034816769e-02
1.850681825347539819e-02
1.599784443302446416e-02
1.831808020775210419e-02
2.520352856095352256e-02
1.346665666483531226e-02
2.329496937288028785e-02
1.277021678018242130e-02
2.650986052342377622e-02
9.477679628535297732e-03
2.459081277619661055e-02
2.100017067750212935e-02
1.434435319352400998e-02
1.355519206925165018e-02
1.674196149886153159e-02
2.398789304143082030e-02
1.295214174892304025e-02
1.712594354308350289e-02
2.159345059438648809e-02
2.718622766063751375e-02
1.521803546799316460e-02
