1.301439633317770690e-02
1.646631872155756779e-02
1.455498220246855337e-02
1.169624246616752204e-02
1.372135805150192199e-02
1.251685640503525168e-02
1.386800949986773113e-02
1.468496433338790236e-02
1.556763559474106003e-02
1.364240229061590773e-02
1.377252552506692471e-02
1.198663916283780259e-02
1.233981949970764866e-02
1.688134533383294292e-02
1.328948891000836588e-02
1.682981929577307897e-02
1.545810230780837388e-02
1.517342152047659529e-02
1.615253288895148603e-02
1.501419009717473024e-02
1.578901146221949048e-02
1.490995046018102864e-02
1.316416183655518685e-02
1.486131957403175052e-02
1.164704081546126362e-02
1.966051633253655326e-02
1.396077624207117847e-02
1.570087017975973012e-02
1.577656542726790789e-02
1.300785438630855904e-02
1.728104084326228737e-02
1.507768908847291825e-02
2.014130084020998579e-02
2.236686706853373979e-02
1.480100799563000176e-02
1.130260182387008393e-02
1.252158064304449182e-02
1.285455569915738318e-02
1.521133992064425088e-02
1.597477749062659741e-02
1.365334751670795564e-02
1.051599843732354926e-02
1.316353953451033371e-02
1.445051515775276629e-02
1.509230113276761875e-02
1.354675902345943254e-02
1.339391834242325760e-02
1.735680279603152992e-02
1.238284467506101799e-02
1.429816107567354749e-02
1.344601344707268588e-02
1.232841132946002963e-02
1.224710703880712778e-02
1.243155273183457234e-02
1.016452452022847258e-02
1.370101028812610588e-02
1.569785481210169559e-02
1.408523319172670304e-02
1.222585836620456064e-02
1.502496514956438121e-02
1.604553131859969700e-02
1.417166303495085919e-02
1.242235538187885444e-02
1.319684895946596735e-02
1.840648273964092321e-02
1.134303935146066707e-02
1.340782025784188411e-02
1.265528291934889943e-02
1.167863723377667549e-02
1.482374166619452628e-02
