1.457149745906522950e-02
1.437173395069582353e-02
1.567167735414861512e-02
1.389320983737547463e-02
1.564634003379404212e-02
1.135613600986399088e-02
1.562687903505954531e-02
1.311522598441828072e-02
1.247850346058299552e-02
1.619159374425713574e-02
9.425789490167969104e-03
1.318547350018095012e-02
1.347694291807246050e-02
1.579428864925990980e-02
1.581437521265707455e-02
1.479683809491862817e-02
1.204346925386524936e-02
1.189245300061486828e-02
1.494933011671738601e-02
1.708906065016052925e-02
1.298766013077154099e-02
1.928441938533999658e-02
1.546896386540573716e-02
1.344240713377765732e-02
1.572806818086291969e-02
1.429781713569907436e-02
1.518728003661685456e-02
1.178355725195024892e-02
1.391954710516562187e-02
1.177269359322520755e-02
1.559044298898413887e-02
1.567558703516260324e-02
1.401998707718661759e-02
1.759370764439279616e-02
1.765187119468150309e-02
1.401984664440329535e-02
1.334826921018204826e-02
1.372698547660556115e-02
1.221122806832204005e-02
1.441234263306008338e-02
1.594859905133574202e-02
1.254001704212593001e-02
1.500764554714287789e-02
1.240313038311169347e-02
1.169977119983264986e-02
1.432829126604284395e-02
1.256444568002436889e-02
1.752836585839575093e-02
1.639945109404989179e-02
1.379997196423793197e-02
1.269425885623574717e-02
1.207996564808387456e-02
1.597595541461081792e-02
1.298199360828730664e-02
1.287029358498679478e-02
1.379866603766976944e-02
1.849362918236608505e-02
1.623517418784188940e-02
1.334343575231652750e-02
1.162501728416361936e-02
1.387569824050980012e-02
1.533706653855586646e-02
1.266506436909905012e-02
1.382033924107912808e-02
1.682074680951108764e-02
1.681844251733327980e-02
1.315045577688695941e-02
1.248513941648300360e-02
1.668849028209547225e-02
1.250697861791279231e-02
