1.267369700618694098e-02
1.634364484114251767e-02
1.025278432062140532e-02
1.236394248072746754e-02
1.205354398234014142e-02
1.443730723946456962e-02
1.514473422814034860e-02
1.342744055965840178e-02
1.315042377621638767e-02
1.683197405906587327e-02
1.519256392619472429e-02
1.297134170682213983e-02
1.348998434329790920e-02
1.463561092057880444e-02
1.332231707046778110e-02
1.529634126534082199e-02
1.337616378229596406e-02
1.265712510896248831e-02
1.421220869560497688e-02
1.407235192433900495e-02
1.561546763241602326e-02
1.381657685041093493e-02
1.163606615048803049e-02
2.508256813315367512e-02
1.488056312703054176e-02
1.157280792065881747e-02
1.671357700625588499e-02
1.305987221825218383e-02
1.184900234409161368e-02
1.515115757003680091e-02
1.638226448609153563e-02
1.158345532900846749e-02
1.477771924464405147e-02
1.633368002208682168e-02
1.929415182385359889e-02
1.533027087625013669e-02
1.391754622375081067e-02
1.573792037316270112e-02
1.386430217645430278e-02
1.888928694506471911e-02
1.288446859323643355e-02
1.632658256040228281e-02
1.330501476613943530e-02
1.486059623084685921e-02
1.466893604085631707e-02
1.266771317022781680e-02
1.763831346696885169e-02
1.586157946933445737e-02
1.850388254692423087e-02
1.315226893721709034e-02
1.153022759955534514e-02
1.013618164198867681e-02
1.393117016291973292e-02
1.303827191115608866e-02
1.098245875924602245e-02
1.796596699876865100e-02
1.373426526143966750e-02
1.236898288601435275e-02
1.361216296462300704e-02
1.305194136753690115e-02
1.416597651918841821e-02
1.249469893562784630e-02
1.321445655306548519e-02
1.545106906065052757e-02
1.112070505567366863e-02
1.395550422637541546e-02
1.471119101270248336e-02
1.327563559089177392e-02
1.381713164321879232e-02
1.617888837657296963e-02
