1.367066300227447011e-02
1.264197862173969435e-02
1.200522506702291978e-02
1.576586343815533989e-02
1.175801872005763360e-02
1.554987985377198796e-02
1.211501310193611146e-02
1.023085628415493741e-02
1.275207709457865102e-02
1.322443203989795250e-02
1.122296673695324411e-02
1.842230061962875712e-02
1.317170248071321791e-02
1.372963007525827145e-02
1.329703699901182111e-02
1.649173661589500850e-02
1.207539540562921343e-02
1.694495367971311783e-02
1.116633808734168037e-02
1.490093651884028501e-02
1.712435588763031730e-02
1.163770769136222676e-02
1.236885697730948953e-02
1.620718663401007550e-02
1.705623479868768541e-02
1.640764892628307492e-02
1.124587771503358577e-02
1.334923091805507826e-02
1.581614440305447941e-02
1.565494452413128748e-02
1.553868407698275056e-02
1.453813990074549756e-02
1.808546552529755047e-02
1.298026707391584413e-02
1.652082997672812623e-02
1.316246496432542205e-02
1.714593444792302662e-02
1.636302072323157775e-02
1.340902076098237673e-02
1.553128361277223042e-02
1.096850486362930567e-02
1.500398077329023402e-02
1.350335470626909222e-02
1.450283524753762619e-02
1.035808946899216196e-02
1.587521575660665041e-02
1.097152493698793502e-02
1.249650870580620680e-02
1.682448073401252020e-02
1.552293742684928389e-02
1.362854439602081448e-02
1.277157853091582737e-02
1.773031745779687571e-02
1.504938921987533998e-02
1.370490034251921514e-02
1.214040965826295761e-02
1.564112805434716980e-02
1.221155424174202864e-02
1.298194698875925271e-02
1.680783858666974953e-02
1.720616370031868500e-02
1.808641269264349427e-02
1.373082512626102279e-02
1.337882382079251704e-02
1.339672279417160154e-02
1.267059848406320959e-02
1.489114129814891711e-02
1.383416326415886494e-02
1.552300635023207143e-02
1.730679839128288974e-02
