1.565449099016686871e-02
1.489706713091918516e-02
1.215368820351730821e-02
1.719723234438634563e-02
1.812773769619377418e-02
1.401604602277081203e-02
1.650551688026611480e-02
1.434303306232925096e-02
1.131970803239405569e-02
1.330952295037789342e-02
1.250437008604399214e-02
1.437944938069220246e-02
1.589274704706267541e-02
1.359734720483107666e-02
1.819509484421161921e-02
1.251607684024851064e-02
1.271273988465785286e-02
1.744782110730246777e-02
1.214486425164424885e-02
1.214185385517263516e-02
1.534945943355423351e-02
1.107207245592543507e-02
1.452440799664847862e-02
1.452017204532184483e-02
1.550242709909323280e-02
1.141639537002078764e-02
1.307778737156227444e-02
1.391456370346279107e-02
1.837270488199299265e-02
1.561881654204583594e-02
1.606451737974694954e-02
1.205265130930771415e-02
1.371757350694506605e-02
1.246114605399737882e-02
1.439858504531882008e-02
1.322289623213255584e-02
1.393239662659047362e-02
1.502192927080227454e-02
1.278036270364981200e-02
1.360830961324261019e-02
1.842994276968791187e-02
1.585375239318317572e-02
1.142826813849798749e-02
1.568783461386019998e-02
1.566051878697114624e-02
1.349076814307795420e-02
1.389416368165503554e-02
1.409079456774056660e-02
1.763708138979564605e-02
1.495450624883241583e-02
1.160445516645008251e-02
1.568649557180533047e-02
1.192086067068496603e-02
1.386401875303577315e-02
1.324511895738305495e-02
1.434879609325438211e-02
1.225927586761864016e-02
1.342056444269144715e-02
1.274688512578304317e-02
1.669784134982493090e-02
1.097726870756023446e-02
1.392738228303881144e-02
1.679355885010435506e-02
1.652630388703540260e-02
1.541609068195764869e-02
1.448621972461580990e-02
1.381997355283660217e-02
1.628750444824544202e-02
1.302362010842773865e-02
1.213455256779368170e-02
