1.406137497059478832e-02
1.456057883592776214e-02
1.478750985967692590e-02
1.928674632991030785e-02
1.427815832440725193e-02
1.297270696901935312e-02
1.531158930408283922e-02
1.622200553006615878e-02
1.214706986699783803e-02
1.305017300295470070e-02
1.223660881369895669e-02
1.235320472923157921e-02
1.531450410104850945e-02
1.759811346053173631e-02
1.671770022598419170e-02
1.450076182923372078e-02
1.675232363829242538e-02
1.522375827349602313e-02
1.278333304219267212e-02
1.285542921145219758e-02
1.199124233948930043e-02
1.361387703733164117e-02
1.504015711515403926e-02
1.769122998776924069e-02
1.458653065605401006e-02
1.593757084138557045e-02
1.144244858647747512e-02
1.292375482999263796e-02
1.583995890160502448e-02
1.376218767038536045e-02
1.866335316888137821e-02
1.755396632180818497e-02
1.245701249588407333e-02
1.254976618112842515e-02
1.396077491831256533e-02
9.964400666739512552e-03
1.302314853410449155e-02
1.453999316251802267e-02
1.707781801922151482e-02
1.200141498817099313e-02
1.315330967591110331e-02
1.398753488213553588e-02
1.606264921004951080e-02
1.537081655392653554e-02
1.394824542243468593e-02
1.143894529012144667e-02
1.561724348121450341e-02
1.704895660020526102e-02
1.449299185373722695e-02
1.709220693665275057e-02
1.310133430028788924e-02
1.487446211155514855e-02
1.366148531910850276e-02
1.708258605194102817e-02
9.893319086740685192e-03
1.560559409784019642e-02
1.205696301081809856e-02
1.044207513892746013e-02
1.249527067825392627e-02
1.327728652548673151e-02
1.608113309019344739e-02
1.285697419887931597e-02
1.622804370633771504e-02
1.150850599298954176e-02
1.389542692612617987e-02
1.453166455612767485e-02
1.537945214483695151e-02
1.526834885249369299e-02
1.269802748635455968e-02
1.321489007709921761e-02
