2.680875109815922253e-02
1.893752378088421964e-02
1.797168212960507591e-02
1.716025033846907064e-02
1.866962546491222549e-02
2.045614399912801945e-02
2.033569292126575709e-02
1.884809716948335559e-02
1.993573385194679498e-02
1.575839623469421288e-02
1.870650199222126039e-02
1.978910566627327741e-02
1.703542475500544398e-02
1.853441427445083958e-02
1.978446196636850229e-02
2.116939056269117117e-02
2.179057760924350481e-02
1.792146535880437611e-02
2.064291863528506729e-02
2.130900922692053820e-02
1.954961306952243336e-02
2.294222470415645948e-02
1.729818820810862662e-02
2.135572729115639209e-02
1.866351970513472139e-02
2.404799281222906593e-02
1.467976855726102654e-02
2.571771737364067847e-02
1.932734454062851742e-02
1.692341098783050821e-02
1.840303201153004053e-02
2.228667173349777389e-02
2.037956360648835591e-02
1.616182205415465575e-02
1.745053375807932225e-02
2.370310674543342488e-02
1.546479671985331872e-02
1.683856205853813057e-02
3.147161423213552800e-02
2.154832038944759498e-02
1.783876354413589660e-02
2.080019097995301769e-02
2.568131451631100806e-02
1.549159640949146662e-02
2.584900163950388380e-02
1.982587324320804825e-02
2.539114499870964714e-02
1.955286796781614128e-02
1.752329255445897807e-02
1.626725655177349919e-02
