1.408746934253366466e-02
1.176222515994018204e-02
1.468120705960023441e-02
1.454642708462417118e-02
1.500060665197935038e-02
1.392141218714278844e-02
1.474215702068976813e-02
1.504821998872036062e-02
1.735186514000059549e-02
1.191558212082535415e-02
1.791720994621383636e-02
1.183924858199375020e-02
1.768044178688642221e-02
1.633780216024008011e-02
1.319401494520399017e-02
1.811124056654065187e-02
1.770109594909555217e-02
1.701490393609002630e-02
1.496683940530598063e-02
1.240487599264536445e-02
1.472333567831053507e-02
1.641866855465056591e-02
1.673503341134026379e-02
1.176950882158570195e-02
1.381355153078181984e-02
1.419672326953805817e-02
1.232825315587364641e-02
1.465428163625925179e-02
1.318006003794876778e-02
1.154855789264245050e-02
1.783206024824292996e-02
1.023779998546304158e-02
1.749008029408986517e-02
1.165233745409217751e-02
9.722455909369209781e-03
1.238647185564002544e-02
1.223392252566107841e-02
1.793867855041569176e-02
1.381418998591205267e-02
1.219004199554199475e-02
1.766420558849315578e-02
1.552778127495061875e-02
1.249325103367695915e-02
1.242032112960221070e-02
1.356035430637094093e-02
1.554809783851446130e-02
1.901729830318556538e-02
1.240536976194508804e-02
1.622764273715419578e-02
1.340086151288096689e-02
1.354381365154633601e-02
1.440477212763648443e-02
1.264646351394996607e-02
1.555118428715631870e-02
1.285746193872255860e-02
1.032299656807252747e-02
1.258219817683549867e-02
1.678427193069543036e-02
1.264186926430952741e-02
1.231356673303499530e-02
1.361647224003892549e-02
1.729389171069371095e-02
1.588284462149162218e-02
1.202578347123496073e-02
1.434785827778660774e-02
1.154115230673779559e-02
1.419953303747071086e-02
1.422646384624798831e-02
1.944120671986851456e-02
1.042015427006422884e-02
