1.113232848019325878e-02
1.635615285752108766e-02
1.352942629685541936e-02
1.683060887071317208e-02
1.003347386766488027e-02
1.124978289275919280e-02
1.137185701570448369e-02
1.452172557203659439e-02
1.474940069804199852e-02
1.286284000910016719e-02
1.535659737256910538e-02
1.837116026309542141e-02
1.215407968754899336e-02
1.789722812596284546e-02
1.334956078682896126e-02
1.317036089381973252e-02
1.291548554728060710e-02
1.315101369448339053e-02
1.612290292464816852e-02
1.233844394459905104e-02
1.484066895767619139e-02
1.326088604432550805e-02
1.375124579201724220e-02
1.416695727053847789e-02
1.542897401687005031e-02
1.479160771568718835e-02
1.421546358417573840e-02
1.393898825535574634e-02
1.225893916028545326e-02
1.330277859674403214e-02
1.469624786203537793e-02
1.450055513284504230e-02
1.594228087139763078e-02
1.508445402864242411e-02
1.325608604163912470e-02
1.447216787652200881e-02
1.335073762897203385e-02
1.332769199076267591e-02
1.279848283460397265e-02
1.318243417405626922e-02
1.937396200343491012e-02
1.242751822881931444e-02
1.399962527619680319e-02
1.463302879416629107e-02
2.013613536209271984e-02
1.481707937985968053e-02
1.168653377067639665e-02
1.206690162359740082e-02
1.542148579157137309e-02
1.605644593857063346e-02
1.334739925134193102e-02
1.502855471026881898e-02
1.420889147577715332e-02
1.757633282744710743e-02
1.170064516579251770e-02
1.780653125074111581e-02
1.392307530161600998e-02
1.732836392686094504e-02
1.563598151382143350e-02
1.157942859493282968e-02
1.154902431981906855e-02
1.570224422308349674e-02
1.493654434758904213e-02
1.204184659989138498e-02
1.736175187100536324e-02
1.440738693477363642e-02
1.169279876455676069e-02
1.477190183363419167e-02
1.573131700957276086e-02
1.501918627191045109e-02
