1.689896906791307427e-02
1.652370884976068696e-02
1.450370958697135872e-02
1.493226371869550012e-02
1.389555633239302097e-02
1.157132807617032751e-02
1.358516161166889273e-02
1.920356379368028804e-02
1.713796244542288918e-02
1.200325366286290017e-02
1.463859084548740398e-02
1.350455790760092534e-02
1.387679247798294727e-02
1.941816280014775631e-02
1.297544582900887408e-02
1.001880363557712886e-02
1.290204321138798023e-02
1.367203784513354621e-02
1.072821237689530402e-02
1.494388221980279090e-02
1.524216807457653804e-02
1.204586330293453723e-02
1.422015731436409615e-02
1.217482238567593918e-02
1.683658713795912337e-02
1.032411848039510062e-02
1.437456841792388723e-02
1.393493880682817286e-02
1.400878760781390855e-02
1.483669206801589355e-02
1.429590108711897151e-02
1.092054510490481425e-02
1.283549479456868453e-02
1.348862177664911406e-02
1.361760064245910208e-02
1.086817740727647440e-02
1.445528048942583757e-02
1.559421635088618745e-02
1.391803622872913107e-02
1.667762876890752088e-02
1.415169244265563828e-02
1.378386139000416059e-02
1.260446851509606364e-02
1.827067590501085109e-02
1.694257007617271799e-02
1.249867383631734184e-02
1.669362266438218986e-02
1.859971456993365566e-02
1.432650947742738524e-02
1.591165891536578877e-02
1.708235228525514793e-02
1.385475674732682995e-02
1.519156323446580262e-02
1.323212491145900858e-02
1.872844420196344978e-02
1.057663039075484000e-02
1.411203261080404454e-02
9.545721316475087523e-03
1.595364077933060856e-02
1.873384543225071683e-02
1.493667550974259531e-02
1.241107896085967555e-02
1.060747773099432294e-02
1.642215659262177829e-02
1.173471225607459340e-02
1.669897470513757518e-02
1.290678332782127687e-02
9.343437933730734668e-03
1.743058477641929588e-02
1.510934596217031189e-02
