1.657661751112709733e-02
1.541325759082975803e-02
1.386798052250373323e-02
1.191408190475734541e-02
1.428331712465103973e-02
2.010869276983638654e-02
1.263088973904946677e-02
1.124617725045857879e-02
1.322218307757494840e-02
1.579859802456873644e-02
1.375843742197573744e-02
1.228469877395828129e-02
1.272514508020492624e-02
1.166900739137252153e-02
1.291664458133478730e-02
1.690642970279545090e-02
1.209115647895271997e-02
1.043378036377022762e-02
1.156959618978340570e-02
1.192177564765190510e-02
9.458114928168117122e-03
1.590043871846757995e-02
1.308604185622594222e-02
1.201826306816429317e-02
1.265971987475358711e-02
1.598643820138337390e-02
1.613295370604813858e-02
1.645219114029615459e-02
1.556628473980894468e-02
1.423339227171746893e-02
1.619260867993106354e-02
1.518982270078683174e-02
1.247038256656054361e-02
1.703226698756022187e-02
1.601568439168037788e-02
1.116271542383755894e-02
1.351307999282151673e-02
1.432688147853875861e-02
1.996658660435131349e-02
1.462764296186484965e-02
1.429675853897669283e-02
1.515926374786959879e-02
1.607949423308731654e-02
1.309528381877212051e-02
1.245895961344542328e-02
8.936201632250331470e-03
1.503967049105676274e-02
1.489412883741486442e-02
1.178356974971307182e-02
1.370466619374322535e-02
1.656776554522787839e-02
1.527097587815377973e-02
1.861204827498767408e-02
1.491073946992447878e-02
1.694107766702460105e-02
1.798123608648459493e-02
1.147088942532703375e-02
1.502898739133372644e-02
2.204719769959424119e-02
1.842566695780190750e-02
1.183173002900933524e-02
1.448352430476155910e-02
1.673288156706516372e-02
1.509579834960337805e-02
1.469034045202839527e-02
1.098505456716368164e-02
1.137133801857806090e-02
1.122833474840750217e-02
1.253027309559531961e-02
1.501616617547436167e-02
