1.706501197978597603e-02
1.280403977935554508e-02
1.353115482937053415e-02
1.268643373886944870e-02
1.258175745439866870e-02
1.163895337410681199e-02
1.653346569191646576e-02
1.119042879961796959e-02
1.241047480328190226e-02
1.461492053554445079e-02
1.179126779247857519e-02
1.533224651269853890e-02
1.404254385884783247e-02
1.373464170959890450e-02
1.355508982175743574e-02
1.603186636368279794e-02
1.351801927450451898e-02
1.591061736927694772e-02
1.635405919105990119e-02
2.059816636038050083e-02
1.866124069687353712e-02
1.210137101677661448e-02
1.137191945635794912e-02
1.431972276875338908e-02
1.229618531356686459e-02
1.402604853424040642e-02
1.351893807242764318e-02
1.469184956308461874e-02
1.514093818286293275e-02
1.363845202428023290e-02
1.317258766441927430e-02
1.322520452966518233e-02
1.299446221477081748e-02
1.756170206160466776e-02
1.559333105575338302e-02
1.508493238691226319e-02
1.459535005190789117e-02
2.060992713113370123e-02
1.262856222055599303e-02
1.673907872036290920e-02
1.486105424493740571e-02
1.445071132595427028e-02
1.019906178662303466e-02
1.626035743141656525e-02
1.593302802923857869e-02
1.118336686658416394e-02
2.267880958218132861e-02
1.066781266179595879e-02
1.618337849082266550e-02
9.449123358708901368e-03
1.942184647776628442e-02
1.253495759043508385e-02
1.425425490232849930e-02
1.094575505790477445e-02
1.371816289070721361e-02
1.420538717955182294e-02
1.073805956342247826e-02
1.153377246837736757e-02
1.279999509719325843e-02
1.279427622933413874e-02
1.516613800132054699e-02
1.267568310002137669e-02
1.478622400799992770e-02
1.570676620822850436e-02
1.304401407437304379e-02
1.426231881906081002e-02
1.538629139563897456e-02
1.413312787908913536e-02
1.812201365261076683e-02
1.400728871952879907e-02
