1.355622312249912288e-02
1.894684739061351306e-02
1.639930990611202996e-02
1.659801325834877467e-02
1.324565069200499962e-02
1.784690123088921582e-02
1.326049856794522287e-02
1.226279869344308431e-02
1.305842090137511284e-02
2.079882020849093197e-02
1.622317722216698802e-02
1.379040842372847298e-02
1.469170747212272116e-02
1.522580652560596645e-02
1.767614406383459513e-02
1.357147742637049466e-02
1.412274688071874992e-02
1.382368709057123224e-02
1.302894593997220608e-02
1.126924835948683347e-02
1.375828844506606086e-02
1.119512673542499490e-02
1.561332642526107491e-02
1.497085868905322255e-02
1.642402614911002423e-02
1.163570550143905660e-02
1.458779992977257862e-02
1.328942799983839906e-02
1.554912213479841231e-02
1.501353080675921041e-02
1.352835767473375278e-02
1.497395903928066922e-02
1.167926864795224354e-02
1.583433354550359273e-02
1.191499822645332267e-02
1.114544630009246286e-02
1.213010065997984811e-02
2.099834692813738746e-02
1.662324073443429556e-02
1.355915273371383241e-02
1.294974809780209332e-02
1.593304562143538217e-02
1.092615979840961746e-02
1.251884342234971768e-02
1.515149541712309395e-02
1.723657874729732711e-02
1.320585768724974116e-02
1.381879431421221931e-02
1.335716544845082232e-02
1.498293206154011244e-02
1.299478520596716868e-02
1.356329389784682697e-02
1.077819833794405914e-02
9.842165453586692453e-03
1.283182141287269110e-02
1.345282239089726044e-02
1.356410979361864430e-02
1.524634824533276783e-02
1.209643608741909140e-02
1.633280495750296518e-02
1.677417712454735629e-02
1.212863746571246279e-02
1.489668172027005036e-02
1.263611430733037160e-02
2.101918868635395052e-02
1.568483203792190445e-02
1.508977444750020727e-02
1.441197916308077642e-02
1.240207658382544431e-02
1.035188138149427221e-02
