1.311537342382885531e-02
1.054422046286407691e-02
1.467958249757600475e-02
1.301436790941238979e-02
1.082043260314808145e-02
1.551468963754106499e-02
1.678036508971916113e-02
1.272358241668582711e-02
1.283882544590639156e-02
1.849314034682639218e-02
1.699407530167012376e-02
1.173772829462480655e-02
1.326877430414146602e-02
1.336005555857642732e-02
1.592338955126930411e-02
1.727983723285271209e-02
1.476557249681264422e-02
1.504460632268657047e-02
1.392099585139417242e-02
1.212453385730506011e-02
1.149965301864109939e-02
1.247068986144026295e-02
1.011500392324597014e-02
1.579834690306145678e-02
1.514111220369705225e-02
1.217793934733843106e-02
1.591253872600540548e-02
1.303326388469049253e-02
1.749218860901754005e-02
1.770815816967984124e-02
1.481793192602445103e-02
1.651078096979668661e-02
1.321764977205852794e-02
1.409479639844217827e-02
1.536208106546098177e-02
1.102503884255719678e-02
1.376704877586874647e-02
1.116819627777005525e-02
1.666240610918580389e-02
1.790434045800579771e-02
1.980204270640597078e-02
1.265023413767718714e-02
1.621635855203759635e-02
1.596427179182923276e-02
1.289881419672816130e-02
1.392678907937552370e-02
1.323107561640356721e-02
1.744862593608104834e-02
1.362297391175461628e-02
1.769271291606462973e-02
1.438753451852865274e-02
1.405480878971353091e-02
1.270714500789699858e-02
1.358051360787590651e-02
1.197827858637681882e-02
1.405732483489239952e-02
1.245290628479600072e-02
1.511161018189267381e-02
1.289679547560955430e-02
1.271073675938851413e-02
1.523859764750288073e-02
1.424668822712525998e-02
1.265800552885157360e-02
1.298432826554966370e-02
1.170091243253069263e-02
1.766224249293526713e-02
1.389533549687435587e-02
1.576343334995977674e-02
1.507037329984892669e-02
1.456521652066327006e-02
