1.347192838016241651e-02
2.033682510437813742e-02
1.472256810647038644e-02
3.474984062587511274e-02
2.944898538703059204e-02
2.258341837764128723e-02
1.533532815596514928e-02
2.286475831290894767e-02
1.691933416408116300e-02
1.341997002650699260e-02
1.938180561463379373e-02
2.109340627709343011e-02
2.316867372814386886e-02
1.688164524528801974e-02
1.458843250252417519e-02
1.448770775523732131e-02
2.473895141329347097e-02
2.136589863165328299e-02
1.031367422636080521e-02
2.096292821760957492e-02
3.643109054143125330e-02
1.706346760379963759e-02
1.806311829404552011e-02
2.616227196326892379e-02
1.609459143629717037e-02
7.242306065575149915e-03
1.585647254430944467e-02
1.813351777391322348e-02
1.929280089015967051e-02
1.894334737306895000e-02
2.644938129217386594e-02
1.403783568778044916e-02
1.761238356599896526e-02
2.069283041634099873e-02
1.678934632103151747e-02
3.803739735794300914e-02
3.123510370860289181e-02
1.813148689396456084e-02
1.563847465844020457e-02
1.859984388174258998e-02
1.492846206592279672e-02
2.052578286750593797e-02
2.034671203492663047e-02
3.628408665560994145e-02
1.508023881733871162e-02
2.729280917573016080e-02
1.527582683692208648e-02
1.443706010229885324e-02
1.407515317108645921e-02
2.041071974991271951e-02
