1.271406646276701698e-02
1.381930168015679285e-02
1.291757766247977890e-02
1.549227096769266281e-02
1.643601106583378671e-02
1.701582361526296494e-02
1.216434137386554308e-02
1.671254966221872099e-02
9.499103776174798106e-03
1.673045866054775899e-02
1.210360896867684020e-02
1.167002622467183323e-02
1.409229891729091473e-02
1.497744847835074701e-02
1.285451858883294302e-02
1.628062136711845576e-02
1.261849566563685854e-02
1.184248902423843536e-02
1.087595841528710312e-02
1.671315269638825804e-02
1.290818723912302325e-02
1.626480335267325994e-02
1.469707282806564930e-02
1.631411678100638113e-02
1.228882762998107815e-02
1.338011186544479231e-02
1.482273506950901668e-02
1.309659815284899831e-02
1.434527232561939869e-02
1.437586940692843138e-02
1.259820641140474255e-02
1.325077541670120936e-02
1.492221035714223244e-02
1.334294456240541805e-02
1.205803128324071938e-02
1.858988980852507161e-02
1.127617368762611448e-02
1.572439246352888911e-02
1.570020558685380346e-02
1.187113704624373142e-02
1.300218698758480625e-02
1.417103757300620069e-02
1.451349057691709264e-02
1.564273793579490368e-02
1.297198954208112452e-02
1.625634050596823713e-02
1.509802950258095494e-02
1.348423503776724486e-02
1.347054549734054071e-02
1.689603470475525143e-02
1.014416405581904448e-02
1.570673033209691455e-02
1.530184774263902009e-02
1.996941662129304157e-02
1.327937615416484307e-02
1.831179206341084637e-02
1.378555429585128465e-02
1.539290390746554833e-02
1.490644913639616216e-02
1.401130556233368477e-02
1.305471203760013958e-02
1.592554486441457445e-02
1.268112220519463859e-02
1.998783166281630289e-02
1.354102404466680717e-02
1.579424106622347168e-02
1.441258143167639671e-02
1.202090815792960544e-02
1.358402996193322672e-02
1.332415228391373510e-02
