1.436079993640998649e-02
1.216165085866636672e-02
1.466284131167408522e-02
1.332562412205390116e-02
1.396669255792793232e-02
1.427627535311837455e-02
1.439564896220937688e-02
1.370541527232209920e-02
1.448357976270705019e-02
1.282651756124316561e-02
1.338666578976242111e-02
1.177984563163350304e-02
1.391498954938212573e-02
1.606820369895194806e-02
1.200554811254927676e-02
1.254965579910273868e-02
1.243335425710691625e-02
1.540571405597395034e-02
1.210363257193539967e-02
1.624289700318708521e-02
1.255477291042163095e-02
1.409352222487771263e-02
1.728423229583354870e-02
1.676020131009073322e-02
1.739060747900729800e-02
1.485578828147291960e-02
1.506636605662772105e-02
1.454317279826739320e-02
1.470483121678018562e-02
1.389867928238117285e-02
1.493892394421191677e-02
1.091001012423206164e-02
1.438625739341905033e-02
1.786660726806597529e-02
9.346315181632763522e-03
1.456581960272257913e-02
1.350927277349161203e-02
1.373313203600433005e-02
1.771346213997185282e-02
9.185833156063557062e-03
1.509449830999995239e-02
1.857318237217428156e-02
1.282147695904276540e-02
1.459040426134556104e-02
1.422040004017872776e-02
1.530148470933484668e-02
1.386163951407179060e-02
1.529200574875060580e-02
1.322858611596237043e-02
1.517351928534815299e-02
1.741034235951016695e-02
1.822073851032390140e-02
1.513148872649450020e-02
1.260531086620378730e-02
1.257597915481098970e-02
1.096797622558781833e-02
1.868381619888362030e-02
1.405041439543472034e-02
1.383628468363072399e-02
1.474153978552919519e-02
1.627887088498053067e-02
1.159044842942823575e-02
1.213187476020604477e-02
1.321059880171917937e-02
1.896391205493111118e-02
1.137894631826186394e-02
1.663715940026809503e-02
2.007627004779497307e-02
1.236086787348402924e-02
9.626603562813836404e-03
