1.499805770820957646e-02
1.574233982170854251e-02
1.389140293697467381e-02
1.375592147326704963e-02
1.690490037173019919e-02
1.455163682662573982e-02
1.634269989187751154e-02
1.069346439263974512e-02
1.183127518139084032e-02
1.493961617309324391e-02
1.305352595802121256e-02
1.380399581418154976e-02
1.164048014670010338e-02
1.447346085338862935e-02
1.280744418852759227e-02
1.660577579311788010e-02
1.332735546749564716e-02
1.508880350670203062e-02
1.452546874010538468e-02
1.202705669416477378e-02
1.225446086978626906e-02
1.387970384864882327e-02
1.682233710086874015e-02
1.323271995708079872e-02
1.297489570878474982e-02
1.270876903792372316e-02
1.273993581631100575e-02
1.188428037629861607e-02
1.605846159238455764e-02
1.372702161434188016e-02
1.404671576772919574e-02
1.312122341994646432e-02
1.730478891538231312e-02
1.631396744145783423e-02
1.243838748506174638e-02
1.476630844929966227e-02
1.475800282713374267e-02
1.620114137377623095e-02
1.802463660057793127e-02
1.912148778078015185e-02
1.686280434334571504e-02
1.436060400076292695e-02
1.630506152428608246e-02
1.206442868738765231e-02
1.378302010990922061e-02
1.164041020990486640e-02
1.173289880423525680e-02
1.248417668354473778e-02
1.732257595783923132e-02
1.592234293554613961e-02
1.353132968246510519e-02
1.334851565778366264e-02
1.593036116062913551e-02
1.358008126144178568e-02
1.697078714137714023e-02
1.773475378561282720e-02
1.278532851517057492e-02
1.126670472205538662e-02
1.228392980393467129e-02
9.473004181544385574e-03
1.491554956277405669e-02
1.716005718853196374e-02
1.371102093281667024e-02
1.636434461860244646e-02
1.392965954802662804e-02
1.472650203393644289e-02
1.784593976420279990e-02
1.464697675039309741e-02
8.469189503787905721e-03
1.546371300465519162e-02
