1.435620504926712893e-02
1.164339182173606581e-02
1.695904724674177078e-02
1.347209346157669276e-02
1.814894379909048547e-02
1.362573245719698144e-02
1.814764306754237250e-02
1.478004662248416125e-02
1.182915134621201174e-02
1.550959894254868611e-02
1.216655277731648957e-02
1.176823776311587341e-02
1.236601561704631785e-02
1.669022782832602428e-02
1.382659505257878216e-02
1.570291020032025045e-02
1.612635211699656526e-02
1.538602669103431020e-02
1.461588566586261365e-02
1.397491080859808964e-02
1.261931292897197458e-02
1.450324590366625435e-02
1.484875979164289490e-02
1.328566483131592146e-02
1.771533187393707978e-02
9.171805637514289511e-03
1.220059617120380739e-02
1.535963956320976660e-02
1.545400038896384276e-02
1.984804766337057783e-02
1.359478509412563249e-02
1.232673211382474820e-02
1.170795966359332481e-02
1.241670472667560400e-02
1.412417574803576104e-02
1.229753610819106502e-02
1.257477754584274653e-02
2.055177081146471879e-02
1.939759730038617333e-02
1.278120821224100825e-02
1.652334055647692104e-02
1.431440659491932908e-02
1.319591521560347161e-02
1.340374541665356745e-02
1.123692865150359953e-02
1.288351222018336434e-02
1.687515243054771297e-02
1.901057405314435234e-02
1.166691685059442068e-02
1.318550329356376304e-02
1.684005221195065266e-02
1.100430249485967113e-02
1.364828870828472054e-02
1.209541581780124338e-02
1.236590199846233223e-02
1.815407087180304080e-02
1.525861392750342722e-02
1.872300538212519003e-02
1.467081001753288774e-02
1.114579498451897036e-02
1.308835969585006934e-02
1.438062168102039427e-02
1.317741802725038054e-02
1.077029937096727827e-02
1.666921265244775477e-02
1.440038715972330984e-02
1.219693726593776804e-02
1.075040712781564871e-02
1.495833263641977579e-02
1.553055227076589016e-02
