1.639869776773651699e-02
1.394761667808692290e-02
1.252605423717047597e-02
1.536804381534864067e-02
1.378664185156380437e-02
1.258396042206332693e-02
1.741693263631043098e-02
1.674175881578279790e-02
1.512378923032691933e-02
1.183030612241914824e-02
1.841464666821029592e-02
1.369990758649006386e-02
1.574803747006942728e-02
1.439717153858718381e-02
1.364439915983396180e-02
1.728148803546485437e-02
1.454810152764210787e-02
1.354294668049768786e-02
1.230894779934413319e-02
1.222476938551173876e-02
1.214949752200782801e-02
1.360175832088988263e-02
1.455078170550559713e-02
1.100966099367376404e-02
1.619408024002041632e-02
1.478170731030748614e-02
1.847244186835858212e-02
1.409063175513283403e-02
1.338249336270670893e-02
1.740231068131093198e-02
1.165433838608141877e-02
1.316274416509819085e-02
1.759459837088282741e-02
1.750716894249839187e-02
1.312290302985868497e-02
1.807767767005206624e-02
1.438980193005659491e-02
2.020161443369999921e-02
1.923122506197508241e-02
1.119485183248502928e-02
1.184320181732006691e-02
1.219618543774121308e-02
1.361981652167245857e-02
1.433118877483520286e-02
1.336394703116552604e-02
1.090337496657136328e-02
1.436092856166430731e-02
1.560834189523372176e-02
1.785468229717822319e-02
1.403526758216641114e-02
1.496032784811515519e-02
1.229515239251705895e-02
1.196817611273361288e-02
1.275733580848398621e-02
1.565013568165256330e-02
1.036995077525511635e-02
1.523218104860217872e-02
1.365036397644449340e-02
1.261973007731436933e-02
1.420133462365621296e-02
1.524484730971680316e-02
1.209379525532962643e-02
1.540949184235516564e-02
1.111503743189530893e-02
1.125839063444306412e-02
1.428091738729189535e-02
1.162410198028566814e-02
1.453901411508684571e-02
1.479420567171876866e-02
1.451207013049086655e-02
