1.266000349763351900e-02
1.656829278588687129e-02
1.294357338952920738e-02
1.784608211774181205e-02
1.448955630557455417e-02
1.390521603165497701e-02
1.430173860267045655e-02
1.684139652358171424e-02
1.352719437590403119e-02
1.063767945868940648e-02
1.173463874237920708e-02
1.003673900531725123e-02
1.383712290948489743e-02
1.386137354653557696e-02
1.537516715912672777e-02
1.133234076797516587e-02
1.406285028349807745e-02
1.090348930633958449e-02
1.488112568985229880e-02
1.704601613135404634e-02
1.315215957890183453e-02
1.272307754678620763e-02
1.447682563215273513e-02
1.362477748496881622e-02
1.506797505000284296e-02
1.390395853035152410e-02
1.179943562656286457e-02
1.321644402712338594e-02
1.376260424060388350e-02
1.476322805388956619e-02
1.751776970830049018e-02
1.532007918096400974e-02
1.643502807695412446e-02
2.109823189764765267e-02
1.395176295050233606e-02
1.306784662280758777e-02
1.318729707540439167e-02
1.573461560262127620e-02
1.284577117858805122e-02
1.435414371714212323e-02
1.186702566183163617e-02
1.203258360165654524e-02
1.613483246160080792e-02
1.437343169998741427e-02
9.601623017544176283e-03
1.410842792797684792e-02
1.308886674716319351e-02
1.233399996381215162e-02
1.265392779943575775e-02
1.430034864083543772e-02
1.463969169257546381e-02
1.450163200799261046e-02
1.551440516395487940e-02
1.311043971354542044e-02
1.843023508749627032e-02
1.240305685282094665e-02
1.328705946499508100e-02
1.819492798692117635e-02
1.275981792969558062e-02
1.311189020964287529e-02
1.244175104151491393e-02
1.711854066466612923e-02
1.659133009509839579e-02
1.408233782057984225e-02
1.286867294857310662e-02
2.163821203744810406e-02
1.434284412498402356e-02
1.409360696658758412e-02
1.581212385023165676e-02
1.776772840582711496e-02
