2.026500999495897334e-02
2.082743230474733837e-02
3.086732445134066777e-02
1.587084150250632486e-02
1.695432922380965546e-02
1.855179022381252610e-02
2.073831718189687867e-02
1.928275507628995564e-02
1.240327955835282200e-02
2.107285382434127483e-02
1.566529082124278049e-02
2.241015540734372577e-02
2.266185576941910293e-02
2.034044613798819540e-02
1.953824305169730643e-02
2.502477231233043303e-02
1.949699918819934596e-02
1.506150491916623431e-02
2.190417117436762803e-02
1.708698061307343391e-02
1.674180801658620849e-02
2.070255306675646348e-02
2.694701557687334548e-02
2.665900534831256580e-02
1.860187058156266907e-02
2.017848831564482068e-02
2.038065695180152695e-02
1.757786806899179488e-02
2.305954374424323480e-02
2.890914456215281161e-02
3.110570587339966941e-02
1.892113246759992776e-02
1.925056925649362705e-02
1.942645485353918650e-02
1.912748041691338802e-02
2.054333427217994862e-02
1.987477237436763647e-02
1.295675245545211025e-02
1.792641993301265224e-02
1.577433394157440674e-02
2.153076197205383568e-02
1.740581718384561286e-02
2.127867710185167918e-02
1.509812720228026484e-02
2.502653828836848976e-02
2.299607366235112763e-02
1.451693246060885983e-02
2.174538069912424973e-02
1.561840818824529291e-02
1.409402042692760315e-02
