1.181303115847318758e-02
1.535874701793672747e-02
1.510647424455777675e-02
1.404615717180983901e-02
1.536653008893300656e-02
1.303338934523837200e-02
1.571459543966541306e-02
1.508035730765808560e-02
1.725616057674802042e-02
1.451611605760625041e-02
1.130345635558784381e-02
1.196073151172032459e-02
1.172905338264042426e-02
1.187329034518991126e-02
1.730114226344384512e-02
1.569462935949520951e-02
1.454350807237699689e-02
1.500488116200172743e-02
1.828517934253965846e-02
1.157450657518288573e-02
1.266793283757973974e-02
1.307274592004196122e-02
1.366723258254823846e-02
1.847026867257629476e-02
1.567619643699878426e-02
1.351680400997328814e-02
1.273113978721660162e-02
1.302473706236709564e-02
1.353053467890092017e-02
1.488126822317761486e-02
1.728402085447520650e-02
1.451355704962210835e-02
1.460852497959280391e-02
1.274650119802036609e-02
1.160072895144825984e-02
1.464489622886003262e-02
1.297777341132088334e-02
1.477545164333638958e-02
1.424838569705887473e-02
1.619929358320377696e-02
1.831364740200656233e-02
1.440219741959752713e-02
1.044469993645257694e-02
1.954173660417407588e-02
1.182595583408863234e-02
1.562413922845506779e-02
1.120792842099019998e-02
1.641255131976283171e-02
1.539426794979218208e-02
1.143152037714074108e-02
1.671060895987359907e-02
1.406025862045302659e-02
1.382403592989803719e-02
1.412416719034179438e-02
1.800538717984269399e-02
1.249804738824088039e-02
1.054232038904747738e-02
1.532374848242815113e-02
1.043966969530498584e-02
1.494837681464447274e-02
1.277697580104244536e-02
1.491658948395258553e-02
1.308810734180097454e-02
1.277482466525466619e-02
1.749308141398604396e-02
1.624338946932386493e-02
1.319096466264620647e-02
1.377346713414165716e-02
1.557582949931970648e-02
1.369157479887145833e-02
