1.788367372311324213e-02
1.912987343018992398e-02
8.679128026295694284e-03
1.617577623125779698e-02
1.563649910936917853e-02
8.776389538640096827e-03
1.583763682521903068e-02
2.234379906336700014e-02
1.542957067037262382e-02
2.513270329859223010e-02
1.324274364163287483e-02
1.478856548611498165e-02
9.806537194018121600e-03
2.223081973718784091e-02
7.189082647670853865e-03
2.097406322003631668e-02
1.521818766575241955e-02
1.589476363254953284e-02
2.374846436192290522e-02
2.354392374258260090e-02
2.245762262535809170e-02
2.112866047939792463e-02
1.425583567280234824e-02
1.549992947513486458e-02
1.191877072529099434e-02
1.739120353416296477e-02
1.152680717681362106e-02
1.195610878885376878e-02
1.908185176400574445e-02
2.497370786423825512e-02
1.150360378854147977e-02
1.371999798669464032e-02
1.461582492560841752e-02
1.212720441130060202e-02
1.037587081391769771e-02
1.715920282943400252e-02
7.316191085149236287e-03
1.014922238934564715e-02
1.678212604665206553e-02
1.042566309608934649e-02
1.975123732200054563e-02
1.842784572216055530e-02
1.313144993457868517e-02
8.221069650570421439e-03
1.946992370813052653e-02
1.276334938367848157e-02
1.417866402276109043e-02
1.382397497129832058e-02
1.140407648368219756e-02
1.095272939958055573e-02
4.653271483809427907e-03
8.754386376382008311e-03
1.320573004050758226e-02
1.298922580241511707e-02
6.745529886558254001e-03
1.444132625555992130e-02
7.219325814990358581e-03
8.124762506849944610e-03
1.616139987346128931e-02
1.860334887593233233e-02
1.960116519831939935e-02
9.846830087270832046e-03
1.563383223627180449e-02
8.842088806920014865e-03
1.569621162688581567e-02
8.836246279592388161e-03
9.934511709379383396e-03
1.122867163480108059e-02
1.071732139650275091e-02
1.061288678447219573e-02
