1.576672324694245939e-02
1.296094660826918772e-02
1.297866196104131842e-02
1.245448644335531325e-02
1.626888451086938581e-02
1.232548217480085480e-02
1.302763501109802623e-02
1.494335949644099229e-02
1.787166292399964412e-02
1.776903482244469867e-02
1.777357256514073766e-02
1.311565616025063725e-02
1.323117899322485622e-02
1.261614733298285773e-02
1.403870369244685987e-02
1.820805355345275073e-02
1.815749105955715911e-02
1.134858739098548557e-02
1.325204485350673506e-02
1.578078830904904029e-02
1.211165293707078087e-02
1.327872470289804922e-02
1.881386258124133695e-02
1.250998627051268068e-02
1.471372170447048967e-02
1.313391046639817566e-02
1.226532019315820093e-02
1.842437066918646560e-02
1.468274360040499812e-02
1.082359259614704833e-02
1.320025228346665726e-02
1.859451187280767442e-02
1.269824815529411663e-02
1.535741247647758045e-02
1.568301043104884315e-02
1.138694200012123868e-02
1.578270553815713795e-02
1.096730081463669591e-02
1.448813882226502453e-02
1.511790672721506808e-02
1.589006074695062387e-02
1.664527536087492821e-02
1.366908148860434755e-02
1.325606607180689935e-02
1.413726085400791345e-02
1.377074131556236397e-02
1.250147924836404398e-02
1.448574243727728493e-02
1.105974831669081712e-02
1.567326880616678325e-02
1.223302114454394990e-02
1.273168199141832581e-02
1.567871663951334038e-02
1.468514792333590856e-02
1.575369905141019850e-02
1.005705001412549385e-02
1.662156829240600542e-02
1.780658373260108826e-02
1.395850150007791127e-02
1.493595542167460571e-02
1.162046533683168750e-02
1.148815411867306312e-02
1.319014293214857553e-02
1.568193139627376692e-02
1.311738429119305507e-02
1.328686568419544176e-02
1.419213760495423998e-02
1.266662029724484849e-02
1.807887347127003913e-02
1.320335855696531252e-02
