1.154003615755970664e-02
1.335625276861130209e-02
1.285198438349224523e-02
1.463188494974051318e-02
1.762867492849877829e-02
1.520059105308819818e-02
1.546552120214055200e-02
1.027998259493339249e-02
1.412423114479968191e-02
1.372553862573852937e-02
1.073597000591861375e-02
1.634976361182535753e-02
1.281043568185012693e-02
1.659761184652113267e-02
1.470997043357391565e-02
1.893858571689531825e-02
1.458933760312440889e-02
1.328730443575805442e-02
1.703801686217195840e-02
1.810285440946428348e-02
1.380479899173398840e-02
1.134133747454466913e-02
1.280335757497662319e-02
1.384765610382798946e-02
1.311307910639948268e-02
1.164340459435236549e-02
1.149072380879123320e-02
2.040739806331241801e-02
2.067592153164471772e-02
1.307154821724113708e-02
1.567773536109270255e-02
1.228081622001345706e-02
1.189590009863190391e-02
1.861834623934145380e-02
1.640177286634771428e-02
1.430285851370115963e-02
1.328542538738627758e-02
1.338570019992193876e-02
1.386864407081240050e-02
1.280699206591911880e-02
1.772757978498435555e-02
1.639673591929428215e-02
1.142157729543998197e-02
1.341001773550224395e-02
1.754985654633621495e-02
1.115595789795205059e-02
1.654797820292205554e-02
1.162630166558717600e-02
1.142286388817078530e-02
1.318968016461431747e-02
1.488383303808072690e-02
1.279743212943104322e-02
1.496089405077485023e-02
1.454482243167804986e-02
1.247161821650531917e-02
1.725544976269055911e-02
1.401474851359597699e-02
1.452361723894688914e-02
1.452755627434675068e-02
1.410768887922930932e-02
1.590883686328552898e-02
1.248302151858023470e-02
1.338758305649387359e-02
1.279921374552816724e-02
1.539068423668032461e-02
1.291418403155362819e-02
1.627967474540412129e-02
1.025567239605897595e-02
1.418065433111788919e-02
1.517630053351545251e-02
