1.199690631292909225e-02
1.161979388963551955e-02
1.248910149121579619e-02
1.309962477115498430e-02
1.660732245778295466e-02
1.051515461690536238e-02
1.542273955295994127e-02
1.283876326921230479e-02
1.297842326243275196e-02
1.753738784683871871e-02
1.242227235261007812e-02
1.293446806089173194e-02
1.312509246738781041e-02
1.594208934680964307e-02
1.477704619065387144e-02
1.760034109868233165e-02
1.465325060242069106e-02
1.270597212149161305e-02
1.231026093426526059e-02
1.310821163831958798e-02
1.467548483578041789e-02
1.230064614987190497e-02
1.680529896513940913e-02
1.568835335769162495e-02
1.261514677554648189e-02
1.314596878853266197e-02
1.309744583701389319e-02
1.408298650077058345e-02
1.393255537166986080e-02
1.263474835486935732e-02
1.256399826373624275e-02
1.284676339726573656e-02
1.801215667971170498e-02
1.803893526521489071e-02
1.269746013806271126e-02
1.171970548799380722e-02
1.559110001826976427e-02
1.322796448192179765e-02
1.260898334727738115e-02
1.576534443428075777e-02
1.713035434456967182e-02
1.808939164616954823e-02
1.381892567888257962e-02
1.392915083365633445e-02
1.334228281823866304e-02
1.819511776481378545e-02
1.380749551017494345e-02
1.538880583241659591e-02
1.251673788909126936e-02
1.380605516885844743e-02
1.278398174037101258e-02
2.064749168656675876e-02
1.188642938151886902e-02
1.449126367405313524e-02
1.304060719614154838e-02
1.825640952273468315e-02
1.398242972623209811e-02
1.607897817851423536e-02
1.679211323658751087e-02
1.262585460240795050e-02
1.708068569903815892e-02
1.232537746178797092e-02
1.334952312481221641e-02
1.100177523148350087e-02
1.484957057006373177e-02
1.480560374320739718e-02
1.265177316311215730e-02
1.301733014930079625e-02
1.717855980585540968e-02
1.639465588411792227e-02
