1.653928948943617430e-02
1.578086513347875738e-02
1.155321384794274521e-02
1.036389223356446940e-02
1.603087368395459192e-02
1.464548586278204868e-02
1.501891218604111192e-02
1.226426570312239353e-02
1.358605458624154508e-02
1.377585825963841860e-02
1.507918743456272692e-02
1.493274949390334221e-02
1.358960495715363231e-02
1.630680248079643957e-02
1.515180153170886217e-02
1.368471429908611238e-02
1.315334550993361301e-02
1.332624797572077614e-02
1.349048404329276744e-02
1.569708566318300455e-02
9.126085326335268630e-03
1.596723029804852229e-02
1.355037830781455344e-02
1.418453692364535050e-02
1.463732539045500998e-02
1.395256718286257830e-02
1.321934792261663348e-02
1.966579452040612824e-02
1.430619449848361154e-02
1.569941141314857430e-02
1.519329416872296917e-02
1.087851044942416204e-02
1.213996691342915726e-02
1.468849802395450974e-02
1.392210567626070601e-02
1.390412423993081688e-02
1.377237488275270989e-02
1.451617061065186079e-02
1.519401275536338101e-02
1.274111274112379663e-02
1.404977502462705780e-02
1.395038994129120177e-02
1.664979583518626932e-02
1.076294384412441671e-02
1.458068972429013219e-02
1.655768418893207444e-02
1.370391252167608466e-02
1.571987562779006420e-02
1.305381988107633291e-02
9.924791450040104657e-03
1.267223083904596773e-02
1.431349200659264020e-02
1.912522445934242490e-02
1.582499520144738450e-02
1.360236084559635593e-02
1.606478584515012159e-02
1.662499582888055105e-02
1.604137601815078598e-02
1.288240802898440659e-02
1.757322692249802670e-02
1.527034436873902536e-02
1.098862835120054463e-02
1.488870180970852837e-02
1.457464480070673127e-02
1.778168570381566393e-02
1.276276298068634851e-02
1.582797500247130201e-02
1.320875070649028989e-02
1.285162603978657996e-02
1.293632958069911368e-02
