8.000000000000000000e+00
8.000000000000000000e+00
3.800000000000000000e+01
2.700000000000000000e+01
1.200000000000000000e+01
2.700000000000000000e+01
2.700000000000000000e+01
4.500000000000000000e+01
4.500000000000000000e+01
4.500000000000000000e+01
2.700000000000000000e+01
8.000000000000000000e+00
8.000000000000000000e+00
8.000000000000000000e+00
4.500000000000000000e+01
1.800000000000000000e+01
4.000000000000000000e+01
4.000000000000000000e+01
1.800000000000000000e+01
4.100000000000000000e+01
4.100000000000000000e+01
4.100000000000000000e+01
4.000000000000000000e+01
4.100000000000000000e+01
4.100000000000000000e+01
1.800000000000000000e+01
1.800000000000000000e+01
3.700000000000000000e+01
3.700000000000000000e+01
3.700000000000000000e+01
1.300000000000000000e+01
1.400000000000000000e+01
1.400000000000000000e+01
1.400000000000000000e+01
1.400000000000000000e+01
1.300000000000000000e+01
1.300000000000000000e+01
1.300000000000000000e+01
1.300000000000000000e+01
1.300000000000000000e+01
1.300000000000000000e+01
1.400000000000000000e+01
1.400000000000000000e+01
1.400000000000000000e+01
1.400000000000000000e+01
2.800000000000000000e+01
2.800000000000000000e+01
2.000000000000000000e+01
2.000000000000000000e+01
2.000000000000000000e+01
3.300000000000000000e+01
3.300000000000000000e+01
3.300000000000000000e+01
3.300000000000000000e+01
2.800000000000000000e+01
3.300000000000000000e+01
3.300000000000000000e+01
2.000000000000000000e+01
2.000000000000000000e+01
2.000000000000000000e+01
1.900000000000000000e+01
6.600000000000000000e+01
6.600000000000000000e+01
5.100000000000000000e+01
5.100000000000000000e+01
5.100000000000000000e+01
1.900000000000000000e+01
1.900000000000000000e+01
6.200000000000000000e+01
5.100000000000000000e+01
6.600000000000000000e+01
5.100000000000000000e+01
6.600000000000000000e+01
5.100000000000000000e+01
1.900000000000000000e+01
4.400000000000000000e+01
4.400000000000000000e+01
2.800000000000000000e+01
3.200000000000000000e+01
3.200000000000000000e+01
3.200000000000000000e+01
4.400000000000000000e+01
3.200000000000000000e+01
3.200000000000000000e+01
2.800000000000000000e+01
3.200000000000000000e+01
3.200000000000000000e+01
3.200000000000000000e+01
3.200000000000000000e+01
4.400000000000000000e+01
5.800000000000000000e+01
5.500000000000000000e+01
1.800000000000000000e+01
5.500000000000000000e+01
5.800000000000000000e+01
5.800000000000000000e+01
5.800000000000000000e+01
5.500000000000000000e+01
2.300000000000000000e+01
5.500000000000000000e+01
2.300000000000000000e+01
5.800000000000000000e+01
5.500000000000000000e+01
5.800000000000000000e+01
2.800000000000000000e+01
2.000000000000000000e+01
2.000000000000000000e+01
2.800000000000000000e+01
2.800000000000000000e+01
2.800000000000000000e+01
2.800000000000000000e+01
2.800000000000000000e+01
3.300000000000000000e+01
4.700000000000000000e+01
2.000000000000000000e+01
3.300000000000000000e+01
3.300000000000000000e+01
3.300000000000000000e+01
3.300000000000000000e+01
2.800000000000000000e+01
