1.182639185933879317e-02
1.384931559621217952e-02
1.581596571813624619e-02
1.688965763713671381e-02
1.350434060056368221e-02
1.360186228639500595e-02
1.290465357748385618e-02
1.660150426168884030e-02
1.711116497216335838e-02
1.396456736140834314e-02
1.352597174397359749e-02
1.512802568925691003e-02
1.314841188857394060e-02
1.421608210971483238e-02
1.650892483608871683e-02
1.227057910815266932e-02
9.912163012650056226e-03
1.534152928521901812e-02
1.418433049169270412e-02
1.441081645957539153e-02
1.551688011428097730e-02
1.481335713711740172e-02
2.053415583851071410e-02
1.530714738987729723e-02
1.758524576110990362e-02
1.357006815810303003e-02
1.289937634604519483e-02
1.615644502207877128e-02
1.662809359633788883e-02
1.143534331113833270e-02
1.750231382220999651e-02
1.494556477672664280e-02
1.411801142526163469e-02
1.474690360356067237e-02
1.524601562367414696e-02
1.681804891764283189e-02
1.648418328635231980e-02
1.664031626527784011e-02
1.248901524715701969e-02
1.201513271646855417e-02
1.005009933155554501e-02
1.417275958685573420e-02
1.335333379383145218e-02
1.487580510503047453e-02
1.453729474394114575e-02
1.247080049207398636e-02
1.344813836534764113e-02
1.253525431441864131e-02
1.379011076124157451e-02
1.127348619608789168e-02
1.714919373445931636e-02
1.649392875487599303e-02
1.251788479841781272e-02
1.194413945275568309e-02
1.414813201576775072e-02
1.558663340669041303e-02
1.403850749366981898e-02
1.488274293347312260e-02
1.564995333007532935e-02
1.414693203837983672e-02
1.535871858494605377e-02
1.325228441751855751e-02
1.202207005974602685e-02
1.222117348455865199e-02
1.001167075710773444e-02
1.374292594638942301e-02
1.347882330406064387e-02
1.520300383275113160e-02
1.235853233951192572e-02
1.511778977010460288e-02
