1.365965606469382240e-02
1.372712588469270079e-02
1.361624318864739294e-02
1.448296885460821637e-02
1.622702498767592677e-02
1.249095407020849209e-02
1.549064687521479501e-02
9.791379333170627600e-03
1.150809449514184762e-02
1.521867467398855568e-02
1.819225168712824275e-02
1.420645316334628004e-02
1.252903988705308252e-02
1.494907154493698744e-02
1.580710628604320087e-02
1.494226364094985472e-02
1.457651343843871863e-02
1.540666068476342389e-02
1.372882494987025769e-02
1.313142103828575380e-02
1.495381057203626872e-02
1.460479947960694261e-02
1.352627658517790467e-02
1.620066604987476649e-02
1.796560352252027717e-02
1.393963338560767762e-02
1.723424751487570225e-02
1.416756738234011687e-02
1.281719189511973042e-02
1.552627034931028556e-02
1.263801567287859209e-02
1.715079714733062574e-02
1.447110584969186695e-02
1.403910338099517187e-02
1.300995254521220522e-02
1.355625553960264351e-02
1.364005334652875628e-02
1.537011388533135979e-02
1.674797428552406153e-02
1.373758979200697013e-02
1.455489734666361168e-02
1.322022819895415230e-02
1.627702847710494477e-02
1.684921519198263190e-02
1.155057428163411282e-02
1.380910031786502894e-02
1.395455855214585393e-02
1.568715735828781974e-02
2.083799257404584174e-02
1.390095905011060236e-02
1.325249456234145647e-02
1.562784334925272633e-02
1.638368630251071933e-02
1.513652537335654323e-02
1.356469641244176065e-02
1.234933422933486361e-02
1.114895383906322479e-02
1.080572724284695370e-02
1.201499128680728543e-02
1.525216292188475049e-02
1.065928032174667285e-02
1.216210899687211744e-02
1.643272851436217846e-02
1.369219777210042323e-02
1.352866017663061256e-02
1.473935881347156369e-02
1.174627139567101068e-02
1.174454769099227830e-02
1.633643262305365870e-02
1.380088389603456936e-02
