1.353971337011757384e-02
1.706050189049882621e-02
1.427423248117265855e-02
1.317090493392221624e-02
1.883191118508496797e-02
1.532927096445760654e-02
1.380163938286490567e-02
1.033170627760945058e-02
1.226894322858655857e-02
1.484044549700973790e-02
1.648255035348644010e-02
1.462083685529815512e-02
1.400683354297740241e-02
1.333848699243974679e-02
1.217386511614779697e-02
1.428397030440895464e-02
2.222098750224522565e-02
1.278424112242310812e-02
1.261677576350378471e-02
1.853366718827774082e-02
1.309020378484707266e-02
1.432374115955209991e-02
1.478126113334264462e-02
1.249819334674248140e-02
1.899997796008868686e-02
1.431766411824408718e-02
1.405619448022707441e-02
1.338605679077576466e-02
1.158256702823593290e-02
1.242186136592085023e-02
1.879810125410178237e-02
1.396613123998463601e-02
1.426970593042431977e-02
1.059533770517552889e-02
1.575903679165959262e-02
1.498630804241671798e-02
1.273354822284985394e-02
1.760236965761593358e-02
9.152500775108107084e-03
1.317053507919626991e-02
1.547681698799397397e-02
1.315773126573378630e-02
1.183867943081817059e-02
1.123527320603800832e-02
1.162535445125487468e-02
1.494270966500916946e-02
1.745514694741761783e-02
1.372124615716458461e-02
1.426126702267975326e-02
1.874111449629338802e-02
1.972563330922574507e-02
1.535716882266601607e-02
1.261116275612096833e-02
1.204072600649723317e-02
1.232099330871736995e-02
1.510238206696171495e-02
1.160852955492186825e-02
1.296849313171364107e-02
1.032417816687916309e-02
1.804961071020528759e-02
1.184472062066629222e-02
1.590741110297819866e-02
1.324934969738317259e-02
1.528469976757868519e-02
1.261840024900884837e-02
1.370068204471848114e-02
1.335238130157121242e-02
1.676151201541090791e-02
1.552876764672031680e-02
1.418507827060926270e-02
