1.358980287100998094e-02
1.472619999836046259e-02
1.654273761247134975e-02
1.349934790195794938e-02
1.469987072248258794e-02
1.542562862079967234e-02
1.532909445267165160e-02
1.308513049315048436e-02
1.819151453179017677e-02
1.459403780983599928e-02
1.363876686421458019e-02
1.656117410856988714e-02
2.059042607010319950e-02
1.962083574849129985e-02
1.546188291301557084e-02
1.448664391738685789e-02
1.218695268205973077e-02
1.372481373225570636e-02
2.160922107787123514e-02
1.372783610285054946e-02
1.173547781473595689e-02
1.445433893651280541e-02
1.660811393304263001e-02
1.501099932211913401e-02
1.362338049980050050e-02
1.220515190541058767e-02
1.438601183320415561e-02
1.391896212881625107e-02
1.302544635012681078e-02
1.527365192505049200e-02
1.283791338762748507e-02
1.417534665420889031e-02
1.217676978817156669e-02
1.460951553534009864e-02
1.411619748129602780e-02
1.753944219843139515e-02
1.250866175952396707e-02
1.606318203018400684e-02
1.538616366620572731e-02
1.388227016076565810e-02
1.125874233504742250e-02
1.457624436003286152e-02
1.503782793095190772e-02
1.324185340841313625e-02
1.677034385251049281e-02
1.283857737289069087e-02
1.546044004385247264e-02
1.238925171435359407e-02
1.499112245843585607e-02
1.307631501253896621e-02
1.585946611328206343e-02
1.217464993812937026e-02
1.397753032019948861e-02
1.278339455443408719e-02
1.160140844451170231e-02
1.556641011366203392e-02
1.454419448876091356e-02
1.114707679477105681e-02
1.471025818947685644e-02
1.464572140477372712e-02
1.112929132519177404e-02
1.506548073812969020e-02
1.481641631132024975e-02
1.246668240286830792e-02
1.301085796669067436e-02
1.466660338426202873e-02
1.458103265765057360e-02
9.971500510913810719e-03
1.315558326256717307e-02
9.656807047454172427e-03
