1.590334350660628157e-02
1.481578316003513175e-02
1.201961950524744506e-02
1.731128045961798784e-02
1.397958166835393604e-02
1.393728397051405450e-02
1.443441739992003085e-02
2.025789517593509087e-02
1.461605472420152325e-02
1.467115734618938683e-02
1.249125868092721553e-02
1.619086115372133164e-02
1.253675837644105048e-02
1.422566600553689178e-02
1.447849250861853350e-02
1.590193353205930638e-02
1.284433430998307979e-02
1.519974897502965674e-02
1.252430050775841033e-02
1.537226261612634377e-02
1.330842682285889207e-02
1.472630352511453827e-02
1.236294011654049188e-02
1.522074069188230142e-02
1.327916645102660519e-02
1.206755951338082250e-02
1.488366486529860491e-02
1.312426687559636179e-02
1.562638395447932607e-02
1.644070670956183922e-02
1.390999668870623873e-02
1.206558825418723412e-02
1.157834677924243945e-02
1.348942683716401747e-02
1.383739445691440154e-02
1.539258708801327299e-02
1.482490608522102869e-02
1.553808024854336570e-02
1.489196423613596901e-02
1.392029440485094242e-02
1.350231286825227285e-02
1.267557481554675014e-02
1.609480213474189306e-02
1.526488035819700481e-02
1.313093637447930451e-02
1.412046499163985107e-02
1.767536280730123630e-02
1.474494450709657768e-02
1.571751202502132475e-02
1.416809968574162318e-02
1.131562543884807870e-02
1.398150585146035012e-02
1.423478302804670817e-02
1.026892475045093969e-02
1.245913244006172441e-02
1.270665424888113744e-02
1.321470512469306163e-02
1.531289385438917676e-02
1.688005648309910331e-02
1.330847926936536835e-02
1.495685866633590308e-02
1.395774079097805882e-02
1.223684671381230354e-02
1.470929647818322583e-02
1.869771479468759767e-02
1.497824440032534399e-02
1.543418041243542829e-02
1.267954530835401113e-02
1.704866015797593115e-02
1.032248303205713681e-02
