1.729302255948897069e-02
1.335970962839507122e-02
1.290927544430755559e-02
1.422675881010857304e-02
1.261498108270844506e-02
1.380258442804819033e-02
1.072615641110553908e-02
1.218174370011809379e-02
1.595142052151684448e-02
1.292316089498994451e-02
1.577829487444160073e-02
1.045516574608340923e-02
1.325854979199413489e-02
1.315348591833774040e-02
1.217200863851441821e-02
1.529113826356297452e-02
1.299946717707462993e-02
1.938652845808551406e-02
1.232043625646061895e-02
1.804830163809561031e-02
1.372638188579497487e-02
1.400227906670020207e-02
1.439161266143199232e-02
1.298507141620476243e-02
1.400713204474647068e-02
1.433458269774806615e-02
1.558546492891482553e-02
1.549469494432264942e-02
1.726784896898375318e-02
1.296475458672543928e-02
1.812861541317887723e-02
1.408645694887210656e-02
1.294889234620677683e-02
1.250541673775756521e-02
1.085086070112183630e-02
1.300411186148638792e-02
1.046337952698995176e-02
1.261172202598564995e-02
1.479981011142426223e-02
1.375998388898995103e-02
1.317178777104482425e-02
1.467413658345750709e-02
1.578530521607204168e-02
1.663329314825549854e-02
1.393897673547120526e-02
1.374618437729327805e-02
1.124833687532795015e-02
1.261611550684934094e-02
1.500645117739799611e-02
1.286220095999101448e-02
1.767091987618524263e-02
1.747185672421525462e-02
1.618336104786005994e-02
1.495070980751743266e-02
1.550056600811502115e-02
1.420024193857516090e-02
1.301698487390450139e-02
1.466025757919313388e-02
1.361882265567371068e-02
1.180136910632703998e-02
1.663806045718681584e-02
1.602309728822570722e-02
1.338010286936816909e-02
1.504961280966100705e-02
1.609366603948568855e-02
2.147073767088439680e-02
1.389838686929497323e-02
1.563926707421051804e-02
1.317131295280321059e-02
1.310661499312785680e-02
