1.674096140616769535e-02
1.844774069350551063e-02
1.426029693401977341e-02
1.486921796995958715e-02
1.280191802681911878e-02
1.835577488408289548e-02
1.703790741461243610e-02
1.214847622745405566e-02
1.389675215404574844e-02
1.538575036212857204e-02
1.083769212758950266e-02
1.255925931666967629e-02
1.231144293839371746e-02
1.491485692503063606e-02
1.348420986770262377e-02
1.546559085245205814e-02
9.940662711247608835e-03
1.530738468267894316e-02
1.209024472038469633e-02
1.514200200039399549e-02
1.545762770511891621e-02
1.566750083146664294e-02
1.290538868335463531e-02
1.654381889327306843e-02
1.093470217299494750e-02
1.536760926515802830e-02
1.583547615803124198e-02
1.336822533636671841e-02
2.003825741033479768e-02
1.248169586096591066e-02
1.219511017463323008e-02
1.515993431247992206e-02
1.547745195568701534e-02
1.593459853818945254e-02
1.552757012519852091e-02
1.612733994680664792e-02
1.208078132883179910e-02
1.216980455234272993e-02
1.080252783249515541e-02
1.501049643667647961e-02
1.185860014888280578e-02
1.696461191986219086e-02
1.466997686767801228e-02
1.431543647403339149e-02
1.606652702599628557e-02
1.233381107734995465e-02
1.630510692566114472e-02
1.552011715985620287e-02
1.596042874745907600e-02
1.316084103571248630e-02
1.210835538662241410e-02
1.536728766522212422e-02
1.036897667889937445e-02
1.456367515856264554e-02
1.916738790432636133e-02
1.731047325083754848e-02
1.209583922112171007e-02
1.636356148215122736e-02
1.674188351331543437e-02
1.238727808507562866e-02
1.383869671810062513e-02
1.514877513577210684e-02
1.168817531264930432e-02
1.566439036715366537e-02
1.153871713707886430e-02
1.215816116994926886e-02
1.624529512420770649e-02
1.369461220284439243e-02
1.062020651364475356e-02
1.068873485422828021e-02
