1.162878208906352115e-02
1.710469288160414852e-02
1.261781430626737234e-02
1.206898993480618777e-02
1.785350531034407898e-02
1.250546595268895063e-02
1.704906254185839173e-02
1.417935084176769750e-02
1.737150016876622127e-02
1.266758853926787907e-02
1.698851822596800579e-02
1.451994786621957183e-02
1.213344049864179854e-02
1.610792158169817995e-02
1.111441901293994464e-02
1.416924681816680159e-02
1.286563404942607167e-02
1.835500548233120685e-02
1.391574199470340702e-02
1.089722508903174548e-02
1.545178913518359572e-02
1.642836919973435922e-02
1.464846780706778422e-02
1.538525593007897610e-02
1.325194908389743138e-02
1.755983859710369410e-02
1.294521124916873586e-02
1.252578732673037369e-02
1.417426944490272726e-02
1.475803420190095402e-02
1.104885833940679601e-02
1.575938271241978175e-02
1.512906659782025168e-02
1.740134509946428959e-02
1.435587888183424872e-02
1.530819272623926489e-02
1.532808898897812348e-02
1.874602770943644553e-02
1.540628184663766359e-02
1.700310392318898217e-02
1.219559938773185498e-02
1.076084313682910791e-02
1.386945556010461995e-02
1.331745282118561302e-02
1.345547607178678058e-02
1.421108589790895903e-02
1.335937388114897574e-02
1.900392423663555333e-02
1.223723776690823113e-02
1.505018355336517309e-02
1.204183406463535562e-02
1.627014724342591354e-02
1.564929344749061216e-02
1.298395192813713364e-02
1.030530931271903157e-02
1.391929356406702671e-02
1.597871594273417295e-02
9.844099634411681427e-03
1.236040653672074684e-02
1.686327063396082446e-02
1.620024204614633340e-02
1.384244406877154117e-02
1.365206928878093424e-02
1.367770983160732784e-02
1.314638773391891245e-02
1.362582222098478353e-02
1.113540620147883756e-02
1.413255808516688042e-02
1.541149138460515614e-02
1.276986252987651234e-02
