1.191737986457660180e-02
1.388696474181027284e-02
1.319746537219851010e-02
1.583813508081342858e-02
1.548809533824140917e-02
1.240865894592489520e-02
1.250316771675525837e-02
1.021245845660847043e-02
1.365646457356393256e-02
1.416661504631471120e-02
1.492769113132453099e-02
1.410817752901845010e-02
1.446649032480984247e-02
1.462822824149344857e-02
1.465167518289081823e-02
1.374002871679547849e-02
1.327651718344808815e-02
1.127822601405674766e-02
1.371573922993904807e-02
1.303666324611741506e-02
1.723860096102258418e-02
1.519000955072528046e-02
1.546119903147771986e-02
1.233395052698472473e-02
1.834263507476436086e-02
1.309901114661439839e-02
1.190289913929946930e-02
1.491020927869648148e-02
1.481207382098938784e-02
1.828508754838571032e-02
1.724542683059458736e-02
1.739811229142114446e-02
1.348155347272254369e-02
1.280849565745198829e-02
1.450103264865027983e-02
1.244058019775003826e-02
1.118864414182462255e-02
1.867681214988759289e-02
1.318448471008759268e-02
1.553675359133784885e-02
1.697782208748242760e-02
1.372460893571851755e-02
1.430885458685782034e-02
1.288934681285240982e-02
1.545628828807023292e-02
1.466631479271113606e-02
1.243233715328327139e-02
1.427885628988980436e-02
1.391342216449023388e-02
1.221492434187411436e-02
1.697439574438746462e-02
1.370974223958642754e-02
1.330103019089984989e-02
1.609809690543357805e-02
1.472834476957783807e-02
1.161834435732612969e-02
1.329371999756732634e-02
1.061973671704683625e-02
1.381159364592076180e-02
1.440154698141661929e-02
1.592239369649922284e-02
1.310247960264710777e-02
1.545435929345478562e-02
1.435832515294973785e-02
1.780155774691867532e-02
1.832242137331100904e-02
1.256483936877987422e-02
1.200933990778425484e-02
1.365460511741721679e-02
1.824793803045570220e-02
