1.606713360923961789e-02
1.218928652120658020e-02
1.371888995990446988e-02
1.298320295524784188e-02
1.277842969910058558e-02
1.511922302103993303e-02
1.075797922331068503e-02
1.372228190987629347e-02
1.410482313330727044e-02
1.731862205558717602e-02
1.206291904340793877e-02
1.601072862653023926e-02
1.324213793205605665e-02
1.560374830722673078e-02
1.777838058768610799e-02
1.466795784479336257e-02
1.057190359340924590e-02
1.744455047764819841e-02
1.454928729022600224e-02
1.567673090612740558e-02
1.452597043459772502e-02
1.446671574379862317e-02
1.168006588011676408e-02
1.898025362430080798e-02
1.497565163884395645e-02
1.126821686848102598e-02
1.441103322820997713e-02
1.389449112526628186e-02
1.713668151001597126e-02
1.248764902459114680e-02
1.747325848111058039e-02
1.251432710104477368e-02
1.256277208364042081e-02
1.724700662778830967e-02
1.443332058613629003e-02
1.314518583365089505e-02
2.014866525362609198e-02
1.390865125202484821e-02
1.620510837011031324e-02
1.512247902671553547e-02
1.399480549375481907e-02
1.166963396438492999e-02
1.342234451217163595e-02
1.392058481603658006e-02
1.339341162050187647e-02
1.445980620481207742e-02
1.114063717043982382e-02
1.125999765523683083e-02
1.405360609929094499e-02
1.515666645518314731e-02
1.483017830498620411e-02
1.395672709504544411e-02
1.417933715618870626e-02
1.181451224134896262e-02
1.344645311095066069e-02
1.427785528721503029e-02
1.474495995433276231e-02
1.430410761510853002e-02
1.315481630875439678e-02
1.671150041133841191e-02
1.316299818729141542e-02
1.503437032757564719e-02
1.293445724051992679e-02
1.413117698592402695e-02
1.123026099812509011e-02
1.322024322236573304e-02
2.001329465021872700e-02
1.299915674758379824e-02
1.586263839688792365e-02
1.456374137542379779e-02
