1.520447022963725831e-02
1.499223191457862460e-02
1.283695000683195662e-02
1.553362690890902099e-02
1.643004932057541556e-02
1.396163024789214176e-02
1.875887900279262291e-02
1.561301710775139621e-02
1.241966922028004024e-02
1.439165015387262186e-02
1.293321614970795522e-02
1.759572731007456523e-02
1.667628156947137050e-02
2.080040493207235483e-02
1.395189691399480528e-02
1.905172459724352799e-02
1.149717357326584047e-02
1.559174806228647882e-02
1.185215939365182047e-02
9.887261446744682533e-03
1.354044716463728704e-02
1.359284004878465874e-02
1.410562595935079162e-02
1.301722634496197892e-02
1.438279288800609415e-02
1.321816267767137246e-02
1.249055051298853664e-02
1.758336832178557588e-02
1.597771153332732189e-02
1.487223556464427679e-02
1.380556775637283885e-02
1.363792675835904036e-02
1.251688136490524544e-02
1.552150994226059698e-02
1.191085939019431023e-02
1.315237600625824947e-02
1.362359400673531992e-02
1.469445691451606514e-02
1.298133356047060510e-02
1.573282435335420990e-02
1.616709374689694750e-02
1.268539683808399959e-02
1.434020107085315528e-02
1.298409355225278727e-02
1.230293960793778230e-02
1.388305982676928466e-02
1.345391874539744390e-02
1.091681727402132700e-02
1.404979485270461091e-02
1.597355399901462247e-02
1.256124928000434786e-02
1.386137681415195409e-02
1.049866971829702122e-02
1.282653181986424459e-02
1.439597386153298672e-02
1.245121759886454703e-02
1.619662971157925443e-02
1.560379982772986708e-02
1.933975287668943110e-02
1.609747742908094678e-02
1.217257858934408556e-02
1.514921587241963886e-02
1.203243429441056174e-02
1.389793424057647435e-02
1.430081524191855434e-02
1.428599989566814096e-02
1.572630960458649627e-02
1.244843091717905831e-02
1.558175364359811951e-02
1.347692011735323117e-02
