1.526573465449539320e-02
1.260353948757510049e-02
1.825983204157842488e-02
1.267679812544122812e-02
1.640436738383133780e-02
1.486587447823168803e-02
1.407684291795872206e-02
1.424217985923354086e-02
1.569085348503074587e-02
8.382008338506380732e-03
1.561337935802869017e-02
9.590729675832366727e-03
1.563034582309725043e-02
9.466665511576464326e-03
1.475945064336909793e-02
1.613975226108916444e-02
1.626812351086074152e-02
1.561481186097374296e-02
1.615141632844082492e-02
1.734739976146987966e-02
1.171730718632372700e-02
1.181934087876831269e-02
9.825986345921732326e-03
1.241740822641840790e-02
1.377922023728728358e-02
1.447459805333508112e-02
1.507215084668149171e-02
1.488646336709117772e-02
1.347276064457161686e-02
1.375160752581127376e-02
1.278831897897358266e-02
1.422903277328975598e-02
1.400291274694382727e-02
1.116432819689464409e-02
1.351439019606129506e-02
1.667238711840101500e-02
1.549826243713587140e-02
1.397216698693595424e-02
9.930257638510813292e-03
1.555445559822540152e-02
1.514697129204212872e-02
1.347851915533582710e-02
1.095850063239081455e-02
1.276298419869615133e-02
1.380261711171728786e-02
1.199233154714317122e-02
1.114113942388834065e-02
1.269608007211204918e-02
1.523464575854429834e-02
1.407848927316612646e-02
1.736865423413506970e-02
1.293874053849583886e-02
2.251913779997155238e-02
1.457484500995325470e-02
1.828060388729184360e-02
1.354107157799777639e-02
1.478188630239736859e-02
1.633069632309900460e-02
1.562794670955602871e-02
1.323873955234670767e-02
1.521558337586164690e-02
1.635313072926572811e-02
1.408624273195757670e-02
1.288801418494114719e-02
1.296096102974993690e-02
1.589733192207826509e-02
1.647926466599351075e-02
1.428765389121305560e-02
1.693649740727943068e-02
1.680725817117623144e-02
