1.298599552289565404e-02
1.475497976058288453e-02
2.015833798014816935e-02
1.823421746555030018e-02
1.435360923621095165e-02
1.439216538456780659e-02
1.483287017467738687e-02
1.456721763490495362e-02
1.607093062572609657e-02
1.499233705339141770e-02
1.756899644240183730e-02
9.972120508685849635e-03
1.371675556560380399e-02
1.154687979078512609e-02
2.156416322899958049e-02
1.359423074237996534e-02
1.624260302739920572e-02
1.304555586130506234e-02
1.163046092777583751e-02
1.532210425976059456e-02
1.337296931311212148e-02
1.574079814915334968e-02
1.334857244012179617e-02
1.338984744757787219e-02
1.578858357492569572e-02
1.056046141669254694e-02
1.358997340290485703e-02
1.086848702481957481e-02
1.989601755522007326e-02
1.213649534219487201e-02
1.523231331814342386e-02
1.316061397689360403e-02
1.286541982032132769e-02
1.423755022781663521e-02
1.419786509496632869e-02
1.670836530156124752e-02
1.414373999020251613e-02
1.298641328571696445e-02
1.869694209852982777e-02
1.126858513411625046e-02
1.349360675133401757e-02
1.319454847118550073e-02
1.083397321268185498e-02
1.460241028360189687e-02
1.556887671136380179e-02
1.299077045845713728e-02
1.204144816871577373e-02
1.501914443573725347e-02
1.808074789489431955e-02
1.527654363549356582e-02
1.236945606445875694e-02
1.214564288276731747e-02
1.664646170689826690e-02
1.526648793352664360e-02
1.153457847838422826e-02
1.304860225928890921e-02
1.262212585407205059e-02
1.149475821511153351e-02
1.331691863010953797e-02
1.597592883230024643e-02
1.314533202357288412e-02
1.565846283328908850e-02
1.412028451313255759e-02
1.571971308860106026e-02
1.371376408432038729e-02
1.228306986801061366e-02
1.329804202017470863e-02
1.450430405024023817e-02
1.488514771055209074e-02
1.541230381898031111e-02
