1.334531495628362048e-02
1.378564738405299236e-02
1.423206320012279820e-02
1.499735157295842107e-02
1.111288143874064605e-02
1.312162323688081944e-02
1.175489585505076068e-02
1.470208036244448693e-02
1.296127808784225226e-02
1.202033957632082754e-02
1.839878639708315139e-02
1.284239641759685364e-02
1.114371915544144082e-02
1.096385541640650628e-02
1.424937653412665546e-02
1.351048446307517685e-02
1.841002474249872969e-02
1.568110088807067592e-02
1.353670352363997922e-02
1.848111563956948353e-02
1.485177893401133827e-02
1.327819783600382893e-02
1.244368548359865885e-02
1.419829432573021730e-02
1.719940782697780210e-02
1.526729316308381330e-02
1.936447764027256213e-02
1.302533481244087105e-02
1.476000240609071264e-02
1.695239505403222172e-02
1.159025181081079804e-02
1.383254787367448752e-02
1.656286912649636983e-02
1.290445195605928984e-02
1.547517165048917231e-02
1.119132739235655614e-02
1.263176799099849368e-02
1.181376910950773101e-02
1.466894239331213365e-02
1.320029866698866662e-02
1.503841362091818540e-02
1.296833901360805105e-02
1.612724224261143785e-02
1.725753893580183468e-02
1.622684676671721712e-02
1.866260205721860868e-02
1.421612994167890595e-02
1.427636953474978147e-02
1.083251381907452890e-02
1.291559148472456314e-02
1.617601293436909601e-02
1.241469524922393305e-02
1.249701590746957539e-02
1.279151265194026013e-02
1.555532248855272248e-02
1.548277580949788089e-02
1.634900398233677526e-02
1.442999612992882513e-02
1.634971318035588136e-02
1.207002442000151138e-02
1.349540938669353297e-02
1.701340810170549195e-02
1.663465763311733001e-02
1.801565152335826356e-02
1.035219579476920337e-02
1.402435587261196583e-02
1.549993052374782840e-02
1.140026427895382381e-02
1.384282559082128210e-02
1.262033682229979359e-02
