1.273627865060480112e-02
1.280030101086933499e-02
1.338644797399357253e-02
1.109917278430891038e-02
1.171694717453260030e-02
1.617219793211312207e-02
1.828373194602156415e-02
1.836739419191156866e-02
1.667670237100983208e-02
1.395488645572093289e-02
1.181016585840025633e-02
1.296389218684322261e-02
1.660576769943506240e-02
1.704435426011985388e-02
1.327467679238243659e-02
1.688161933519540664e-02
1.415931674706652661e-02
1.600237416835829582e-02
1.299927834882342627e-02
1.249990359301232645e-02
1.022537992147613470e-02
1.429687629312907139e-02
1.597117765090701191e-02
1.354978116923186843e-02
1.391414718934082945e-02
1.409709999444006337e-02
1.477737220926022242e-02
1.436109071003900152e-02
1.653043725063462963e-02
1.248411688543746290e-02
1.032813093570096249e-02
1.429788730903193070e-02
1.076568086597855071e-02
1.495766605690442182e-02
1.295889833629565793e-02
1.593626660115840185e-02
1.296069397361983462e-02
1.484366239378173344e-02
1.299728648942299718e-02
1.517143514698529941e-02
2.229984552287929758e-02
1.486617180634795116e-02
1.426269224259501742e-02
1.688410098526593739e-02
1.474900425067935186e-02
1.427842034464182550e-02
1.497039270507170491e-02
1.640179205075183513e-02
1.350591273544825451e-02
1.295135645732901561e-02
1.163291835128333479e-02
1.640590253228438669e-02
1.345782644400400629e-02
1.721411430486658248e-02
1.144143514928416469e-02
1.294009571782778027e-02
1.300865031164839987e-02
1.105305612024897778e-02
1.290245109529588284e-02
1.334628895254483076e-02
1.611927598696764191e-02
1.251234905899498324e-02
1.167122269635087820e-02
1.582084031624274301e-02
1.292970750230452125e-02
1.684241373034497946e-02
1.977387018101739447e-02
1.387190929553993625e-02
1.296920426985475813e-02
1.405628201858441506e-02
