1.723038310006916665e-02
1.457275436315972304e-02
1.399347076876544631e-02
1.493840763567114149e-02
1.558979627921286935e-02
1.660799035621880054e-02
1.181339203044801979e-02
1.305985974525388643e-02
1.339161951637271239e-02
1.601018526324320818e-02
1.739019311694364744e-02
1.237804456730649295e-02
1.689661699138652121e-02
1.634844191546226677e-02
1.161746971784637268e-02
2.122534390220228925e-02
1.289638632577872271e-02
1.476021155137012021e-02
1.989678629838824084e-02
1.234162552130005537e-02
1.611691516217588632e-02
1.766468728802840504e-02
1.395316291392859585e-02
1.259016880243869589e-02
1.202818217579421090e-02
1.184005505987362032e-02
1.340406263894823244e-02
1.719242751817452036e-02
1.124464424282217538e-02
1.217318097407805652e-02
1.298967431450258510e-02
1.374408723191027255e-02
1.385040131414279861e-02
1.267255358266117238e-02
1.521416242113795246e-02
1.305238447356024331e-02
1.554758794391752907e-02
1.469060498238927183e-02
1.630040863215769659e-02
1.152663439254166325e-02
1.383662619606398914e-02
1.578579657165962019e-02
1.057350985616962134e-02
1.173156257379003031e-02
1.004377547721957073e-02
1.134611815011221658e-02
1.390807994259515151e-02
1.737520501132573669e-02
1.326760643144168396e-02
1.608480127098588577e-02
1.844008195960029559e-02
1.684180426839975916e-02
1.152840756775123238e-02
1.508523678189454577e-02
1.396663569707212900e-02
1.291307891337210335e-02
1.452382950138766775e-02
1.261896307059917101e-02
1.462303795034436069e-02
1.535303596468471331e-02
1.867989383064461509e-02
1.605861003212014429e-02
1.463738043098137750e-02
1.292634947770753863e-02
1.445491513215379012e-02
1.190646995469892173e-02
1.437885907236518060e-02
1.146575868108323445e-02
1.374719060872155174e-02
1.114241459147077146e-02
