1.290434543145724082e-02
1.443312422547110910e-02
1.515732188059075621e-02
1.604873078127333139e-02
1.505207162702745620e-02
1.524553569971417652e-02
1.706492258522403216e-02
1.224659377482434364e-02
1.572203110359872771e-02
1.172158226865913436e-02
1.379282508151614788e-02
1.500315391652260605e-02
2.096094496375218788e-02
1.655219567897886143e-02
1.449241507345385913e-02
1.620397890364294602e-02
1.424861008740818495e-02
1.779878143013709224e-02
1.476284330521256821e-02
1.329562638976992256e-02
1.338221383053888811e-02
1.575042383596321482e-02
1.358945290748989412e-02
1.405817730763643872e-02
1.213593676013434257e-02
1.699665099170863738e-02
1.433926784180615185e-02
1.240497174283708599e-02
1.637360562256948843e-02
1.262074358884507190e-02
1.198094386463180970e-02
1.245266275777180687e-02
1.139576393134557677e-02
1.307904868090735764e-02
1.318386852317207474e-02
1.466881478934087615e-02
1.075690877632328249e-02
1.453581460645146477e-02
1.517670310900475286e-02
1.436821539289858882e-02
1.265649658902972402e-02
1.311354111025792024e-02
1.081565704921072339e-02
1.208034894413734066e-02
1.336702502248864922e-02
1.543197017426072536e-02
1.589994894547033452e-02
1.947819659036268553e-02
1.513969117906081678e-02
1.313273075308486922e-02
1.388817143702688814e-02
1.432205523877775298e-02
1.461637062336617471e-02
1.216883793389166371e-02
1.136685900067670695e-02
1.270085611806938755e-02
1.786780692463720704e-02
1.923627613330696623e-02
1.482028090841309292e-02
1.142749989021676557e-02
1.421575753050260092e-02
1.512256828923299809e-02
1.327867949102926742e-02
1.376610939368837737e-02
1.384771797629372712e-02
1.154087159163872355e-02
1.440140317929984939e-02
1.611733625285577051e-02
1.309253988117649141e-02
1.512857277892449767e-02
