2.300000000000000000e+01
2.300000000000000000e+01
2.300000000000000000e+01
2.300000000000000000e+01
2.300000000000000000e+01
2.000000000000000000e+00
2.400000000000000000e+01
2.000000000000000000e+00
2.000000000000000000e+00
2.000000000000000000e+00
2.400000000000000000e+01
2.400000000000000000e+01
2.400000000000000000e+01
2.400000000000000000e+01
1.600000000000000000e+01
4.300000000000000000e+01
4.300000000000000000e+01
4.300000000000000000e+01
4.300000000000000000e+01
4.300000000000000000e+01
3.500000000000000000e+01
4.600000000000000000e+01
4.600000000000000000e+01
3.500000000000000000e+01
3.000000000000000000e+00
3.500000000000000000e+01
3.500000000000000000e+01
4.600000000000000000e+01
4.600000000000000000e+01
3.500000000000000000e+01
3.000000000000000000e+00
4.600000000000000000e+01
4.600000000000000000e+01
3.000000000000000000e+00
4.600000000000000000e+01
4.600000000000000000e+01
4.600000000000000000e+01
4.600000000000000000e+01
4.600000000000000000e+01
4.600000000000000000e+01
2.300000000000000000e+01
2.300000000000000000e+01
2.300000000000000000e+01
2.300000000000000000e+01
2.300000000000000000e+01
2.300000000000000000e+01
2.300000000000000000e+01
2.300000000000000000e+01
2.300000000000000000e+01
2.300000000000000000e+01
2.300000000000000000e+01
2.300000000000000000e+01
2.300000000000000000e+01
2.300000000000000000e+01
2.300000000000000000e+01
2.800000000000000000e+01
2.000000000000000000e+00
6.900000000000000000e+01
2.400000000000000000e+01
1.900000000000000000e+01
2.400000000000000000e+01
2.400000000000000000e+01
2.400000000000000000e+01
2.800000000000000000e+01
2.000000000000000000e+00
2.000000000000000000e+00
2.000000000000000000e+00
2.000000000000000000e+00
2.000000000000000000e+00
2.000000000000000000e+00
2.400000000000000000e+01
1.800000000000000000e+01
2.400000000000000000e+01
6.200000000000000000e+01
2.400000000000000000e+01
2.400000000000000000e+01
1.900000000000000000e+01
1.600000000000000000e+01
1.600000000000000000e+01
6.000000000000000000e+00
1.600000000000000000e+01
2.400000000000000000e+01
2.400000000000000000e+01
2.400000000000000000e+01
2.400000000000000000e+01
2.000000000000000000e+00
4.300000000000000000e+01
4.300000000000000000e+01
4.300000000000000000e+01
4.300000000000000000e+01
4.300000000000000000e+01
4.300000000000000000e+01
4.300000000000000000e+01
4.300000000000000000e+01
4.300000000000000000e+01
4.300000000000000000e+01
4.300000000000000000e+01
4.300000000000000000e+01
4.300000000000000000e+01
4.300000000000000000e+01
3.500000000000000000e+01
3.500000000000000000e+01
3.500000000000000000e+01
3.000000000000000000e+00
4.600000000000000000e+01
4.600000000000000000e+01
3.500000000000000000e+01
3.500000000000000000e+01
3.500000000000000000e+01
3.500000000000000000e+01
3.500000000000000000e+01
4.600000000000000000e+01
3.500000000000000000e+01
2.000000000000000000e+00
3.500000000000000000e+01
4.600000000000000000e+01
4.600000000000000000e+01
4.600000000000000000e+01
4.600000000000000000e+01
4.600000000000000000e+01
4.600000000000000000e+01
4.600000000000000000e+01
4.600000000000000000e+01
4.600000000000000000e+01
4.600000000000000000e+01
4.600000000000000000e+01
3.500000000000000000e+01
4.600000000000000000e+01
4.600000000000000000e+01
4.600000000000000000e+01
3.000000000000000000e+00
3.000000000000000000e+00
4.600000000000000000e+01
4.600000000000000000e+01
4.600000000000000000e+01
4.600000000000000000e+01
4.600000000000000000e+01
3.000000000000000000e+00
3.000000000000000000e+00
3.000000000000000000e+00
4.600000000000000000e+01
4.600000000000000000e+01
3.000000000000000000e+00
3.000000000000000000e+00
3.000000000000000000e+00
4.600000000000000000e+01
4.600000000000000000e+01
4.600000000000000000e+01
4.600000000000000000e+01
4.600000000000000000e+01
4.600000000000000000e+01
4.600000000000000000e+01
4.600000000000000000e+01
4.600000000000000000e+01
4.600000000000000000e+01
4.600000000000000000e+01
4.600000000000000000e+01
4.600000000000000000e+01
4.600000000000000000e+01
4.600000000000000000e+01
