1.163202663980869925e-02
1.455320657144517152e-02
1.506733362376622316e-02
1.580830747712552373e-02
1.658818579438755755e-02
1.089676696358030453e-02
1.347180780328544741e-02
1.147623150260900816e-02
1.350459102608910465e-02
1.981036993131543925e-02
1.388813662661751713e-02
1.487772555627924799e-02
1.339337501413866323e-02
1.232389452440212259e-02
1.417264157716837704e-02
1.166389483148813806e-02
1.664622286862646808e-02
1.543835302182844198e-02
1.404023889885002048e-02
1.234078741005234514e-02
1.202096638696013679e-02
1.239759081798974885e-02
1.422635024229671440e-02
2.015999941671439005e-02
1.736200694627106425e-02
1.214337593389256537e-02
1.240520089939889728e-02
1.603052365102305282e-02
1.366444190935811077e-02
1.377645456144227856e-02
1.623050841409879111e-02
1.313981962035436213e-02
1.444516075797890736e-02
1.135797570232082235e-02
1.414088481711353075e-02
1.957511537093548776e-02
1.086740011848656012e-02
1.222956257327962801e-02
9.821279677433411917e-03
1.558726579735737403e-02
1.810448563476313791e-02
1.614502835230239436e-02
1.222779015868880916e-02
1.850186694165794482e-02
1.459310697583797098e-02
1.407487881305989272e-02
3.173801156849274940e-02
1.458548506162550377e-02
1.297812341839855999e-02
1.403225534268955424e-02
1.057247341332780491e-02
1.352298635150885053e-02
1.444319121551989465e-02
1.551306640750255671e-02
1.563452516169892142e-02
1.345911547667749848e-02
1.246571295784137771e-02
1.109730970707957509e-02
1.709127759373590266e-02
1.115417635669644844e-02
1.548978692710399445e-02
1.435906192798226677e-02
1.296715323114378503e-02
1.100873286226811652e-02
1.403368861021387845e-02
1.273308983508088590e-02
1.413200987014910301e-02
1.202967379111984612e-02
1.380642912742997136e-02
1.432952563083263534e-02
