1.371403304584879745e-02
1.082114267902558637e-02
1.756424561258563069e-02
1.440408407563352651e-02
1.253567964529991169e-02
1.325202790974331496e-02
1.679537388521651700e-02
1.361263653005764795e-02
1.654737870704096891e-02
1.187834019724437473e-02
1.490797793358219527e-02
1.476847768464070211e-02
1.175686452087294775e-02
1.728728048937332173e-02
1.499758282994793739e-02
1.193611473375559562e-02
1.290443402172232294e-02
1.237203540761202571e-02
1.356495484401868540e-02
1.175318276222111526e-02
1.496859348151614692e-02
1.447434870674850146e-02
1.484765608172770868e-02
1.368995257166642082e-02
1.298649203002442618e-02
1.605737303362380491e-02
1.201179379737468689e-02
1.365348380738225925e-02
1.380934696177522382e-02
1.353022262945104658e-02
1.569767853366805729e-02
1.385060852798757416e-02
1.883029748869335246e-02
1.157851085892574669e-02
1.102042418836844673e-02
1.788909040912168777e-02
1.568241815972855682e-02
2.139822437302698471e-02
1.717948119782135644e-02
1.292100475031210567e-02
1.172407111059483968e-02
1.171811790874978908e-02
1.544486720499697874e-02
1.116254672459954592e-02
1.526622687357378182e-02
1.445458592217024191e-02
1.880111741653183594e-02
1.595438097787426832e-02
1.272344690609983515e-02
1.472243994946579107e-02
1.172828565462176627e-02
1.426768483294746891e-02
1.580932712542158780e-02
1.272712884123968977e-02
1.340170714332707819e-02
1.305182273346185834e-02
1.402500811312645118e-02
1.110782380592126306e-02
1.377781922666288135e-02
1.185755294865469510e-02
1.966980607667332889e-02
1.341562804697180901e-02
1.717436472722167623e-02
1.618022564462558155e-02
1.278592372338262229e-02
1.938332657872267328e-02
1.213665769513793888e-02
1.182217185436894823e-02
1.368994976041790559e-02
1.656513536804856551e-02
