1.362867497347807974e-02
1.291358294407202699e-02
1.152091179572398497e-02
1.375226538582158264e-02
1.932566821400013082e-02
1.355309041480714898e-02
1.383283940065959880e-02
1.554059429590284522e-02
1.265932678400001794e-02
1.239465065428555640e-02
1.517738113481665804e-02
1.392049116004929338e-02
1.260539689068009353e-02
1.476638072588610379e-02
1.298480101792561653e-02
1.719054784660378754e-02
1.529063233352039031e-02
1.097731936516127202e-02
1.243334677013049547e-02
1.654397798727197388e-02
1.300230492005238596e-02
1.393778094493652517e-02
1.233988542655298226e-02
1.815431640077173545e-02
1.936184810645788512e-02
1.559839895458839387e-02
1.554736693067160398e-02
1.482936205461053356e-02
1.498619211995703797e-02
1.247135176847303205e-02
1.511451743960543978e-02
1.170465822600855882e-02
1.780648549744711165e-02
1.545553918340453192e-02
1.451350107482137289e-02
1.549435212094411179e-02
1.394554231940536848e-02
1.289206900495304918e-02
1.633822812929522708e-02
1.281736518493510613e-02
1.187032005614730053e-02
1.261553083673131251e-02
1.490738466093067226e-02
1.801102572322011916e-02
1.508987293892045771e-02
1.709178084098198283e-02
1.630110350127577518e-02
1.201932915292008332e-02
1.200063451801717390e-02
1.087586278269503035e-02
1.528014395381135059e-02
1.159308389081044333e-02
1.438859587648547156e-02
1.254960118935118975e-02
1.507350822461537773e-02
1.382871008429432773e-02
1.164716655317155070e-02
1.257738461223188893e-02
1.261712715908090698e-02
1.135242229014736016e-02
1.305757956287093013e-02
1.703791765121610152e-02
1.389561410741740194e-02
1.721116781608268351e-02
1.489844236186950791e-02
1.422861062762964882e-02
1.504632983954888766e-02
1.587265912643589030e-02
1.628068619893886099e-02
1.345745795946206268e-02
