1.625657601661065904e-02
1.427807232130448405e-02
1.431844184308444200e-02
1.227011875499678037e-02
1.033264913078565939e-02
1.360515707368267248e-02
1.369929461338828015e-02
1.261461528787787695e-02
1.311516254603093193e-02
1.813578060109309262e-02
1.789971061407835337e-02
1.701437665310953293e-02
1.360722707333067959e-02
1.587147056061381789e-02
1.506851310708335646e-02
1.234549541178896898e-02
1.162070948362065384e-02
1.328083640129559991e-02
1.393346063639078723e-02
1.371453532132953061e-02
1.440571571955964573e-02
1.371798289542449506e-02
1.301535893845234652e-02
1.310194912301802274e-02
1.334335387660395313e-02
1.474336881095947988e-02
1.457026436403535685e-02
1.717328475472696542e-02
1.200183525088335985e-02
1.605585956047840893e-02
1.349587175909686999e-02
1.312347637269615022e-02
1.752035628420636065e-02
1.530937915885849029e-02
1.207221943748851278e-02
1.230901537097788510e-02
1.333807809377738664e-02
1.370219673631259232e-02
1.196611520477585365e-02
1.067824131180663584e-02
1.724764694061085499e-02
1.624021785609677804e-02
1.557662469409797079e-02
1.403988565245584998e-02
1.520394897024587161e-02
1.541013312521397408e-02
1.541420033523678915e-02
1.763560717257545846e-02
1.630118400921890670e-02
1.188096103148300088e-02
1.102933317229182891e-02
1.499979682933105622e-02
1.490368307712599052e-02
1.311811226083078527e-02
1.738266594041866508e-02
1.555270711525782307e-02
1.804689510856469919e-02
1.344459834553465676e-02
1.108181332904598949e-02
1.313367492940010171e-02
1.376177858342046006e-02
1.553040999633834018e-02
1.521785196399926682e-02
1.205215418220637047e-02
1.566048294123685916e-02
1.352640963355940425e-02
1.657619746336777208e-02
1.667532692424093799e-02
1.198003356707396869e-02
1.274953837388468139e-02
