1.414963962137721562e-02
1.160900453808606965e-02
1.112994652568872860e-02
1.520364184991170216e-02
1.362339674758428210e-02
1.116220096403136401e-02
1.353616205631672821e-02
1.576783147571205260e-02
1.212485234937664760e-02
1.252013532683608418e-02
1.259531296687541567e-02
1.594320196715549171e-02
1.549305815063868781e-02
1.435390635495332155e-02
1.112389754898878737e-02
1.382616493024132164e-02
1.783103820234590436e-02
1.106244490925097079e-02
1.797786651987280659e-02
1.576614725865979963e-02
1.389353527279422844e-02
1.625817557633683560e-02
1.969377171474946675e-02
1.449712634200369873e-02
1.606422634069074387e-02
1.521777989250688683e-02
1.604833270070891299e-02
1.268557773234040530e-02
1.456096481735969818e-02
1.295292109506683206e-02
1.133983584400129196e-02
1.343544911602992040e-02
1.676266993053507001e-02
1.272300814264723523e-02
1.235434531056195558e-02
1.742862689548169142e-02
1.253679537209545850e-02
1.240543059838012871e-02
1.954366630237526145e-02
1.164508705018052308e-02
1.564748416699035874e-02
1.517590543224125316e-02
1.834483267679114238e-02
1.218888344599206724e-02
1.220661252812717257e-02
1.167531540471324070e-02
1.306047245557635621e-02
1.285201521127225278e-02
1.496908738608589660e-02
1.539374169232070669e-02
1.468016396952341769e-02
1.218636595041410614e-02
1.394328033254137525e-02
1.474487023142242829e-02
1.304157576634029821e-02
1.840388458356737381e-02
1.540974528174729290e-02
1.754227791074285114e-02
1.291096363442029507e-02
1.403340363031203852e-02
1.701573950488084741e-02
1.535773823412672941e-02
1.129968482487364936e-02
1.311262160800736980e-02
1.523283398609657363e-02
1.239025593057303462e-02
1.461940175923787284e-02
1.765314732594838038e-02
1.164861130261810908e-02
1.441190752174590847e-02
