1.776972961918172125e-02
1.366470990626892680e-02
1.479063940387035335e-02
1.452780417769248926e-02
1.473874177140400456e-02
1.119916636166457848e-02
1.997468145057663610e-02
1.445737712621298320e-02
1.372994525223465365e-02
1.688807413081983011e-02
1.287494678502752385e-02
1.467249024502009433e-02
1.208039417738145278e-02
1.164365615272437184e-02
1.509956818016248460e-02
1.662953828834860467e-02
1.718101543604670309e-02
1.385215877082176215e-02
1.597527126203915349e-02
1.734073759004319329e-02
1.180643453709569191e-02
1.515110509430515721e-02
1.380770804679331588e-02
1.468110247327575855e-02
1.256317492649788523e-02
1.425283409696769671e-02
1.070383023571197349e-02
1.384885054350158337e-02
1.702176672242919700e-02
1.010799811797459362e-02
1.215064568571670202e-02
1.416793991367559270e-02
1.333315913228050667e-02
1.619670268274867042e-02
1.698888215629576481e-02
1.309591309845947564e-02
1.895910688237972472e-02
1.512962470109495937e-02
1.721273696151196311e-02
1.797182126447028835e-02
1.354399633576586562e-02
1.000238706438540646e-02
1.680628887323970533e-02
1.408532997855909547e-02
2.183872793222884842e-02
1.622698174851834596e-02
1.337464489693358273e-02
1.369762329340988398e-02
1.483308095002422791e-02
1.216105256334643926e-02
1.326497574044089960e-02
1.809824425678775717e-02
9.964114534183320451e-03
1.526965588582502448e-02
1.038243537041149377e-02
1.555327789929134702e-02
1.089524994593228310e-02
1.143603295043532295e-02
1.177563537767435491e-02
1.422156219146824586e-02
1.332441490336935645e-02
1.346228020175606679e-02
1.198274719563654535e-02
1.002269307881662949e-02
1.420490673939424006e-02
1.349863388565824586e-02
1.199706744169798216e-02
1.711948490580941090e-02
1.810061290212509888e-02
1.061387759614660330e-02
