1.153642748322148207e-02
1.454951283464719913e-02
1.490360721902917428e-02
1.358647380424805526e-02
1.299265570309724241e-02
1.361338443650770072e-02
1.498556631301966799e-02
1.817078384804342653e-02
1.302623226711073501e-02
1.060317520917135846e-02
1.393906081717109779e-02
1.365250463106832540e-02
1.576888606376836144e-02
1.501816166942629947e-02
1.240681198587307785e-02
1.337497938002354253e-02
1.375010190407942659e-02
1.443616151471470432e-02
1.729171110227229607e-02
1.382528571810242267e-02
1.553886021223946021e-02
1.590319785071060699e-02
1.545691500346047832e-02
1.231019454671719582e-02
1.060164977836059071e-02
1.550475192116656901e-02
1.619272487585537296e-02
1.287458504662310384e-02
1.134746052404113359e-02
1.817084440077206681e-02
1.499653094900820285e-02
1.601117035927840035e-02
1.533649984271235472e-02
1.153109511875756270e-02
1.579583117345888937e-02
1.440453959606285278e-02
1.586022643657175255e-02
2.055803353493820471e-02
1.425489051615459572e-02
1.540372873907887470e-02
1.257722341330694965e-02
1.787792389153606068e-02
1.427855729263326212e-02
1.538572482597153589e-02
1.550778779666746147e-02
1.414000869896868580e-02
1.365014026424125893e-02
1.359867411121856891e-02
1.536003442289167638e-02
1.288866930536276302e-02
1.751672687685475877e-02
1.646801719837085939e-02
1.396562435691604126e-02
1.155058002008083409e-02
1.560913940948672335e-02
1.179934721054197271e-02
1.463387991190031809e-02
1.275441948844892488e-02
1.019036226789973680e-02
1.594762630212552199e-02
1.633303203368364348e-02
1.369706653924569403e-02
1.435048167769728891e-02
1.203219516495901593e-02
1.116438241881840057e-02
1.240093775636641645e-02
1.217282542404311482e-02
1.465822351224748202e-02
1.406759870899847685e-02
1.393757536795242960e-02
