1.658115220441595816e-02
1.682406835329090800e-02
1.378017579620102566e-02
1.400549344131397575e-02
1.610662139307571933e-02
1.513296467219368488e-02
1.654607070003622296e-02
1.224434252472878307e-02
1.417617835827673228e-02
1.503931619336085386e-02
1.726265284346505807e-02
1.297314578157465238e-02
1.401955296335872549e-02
1.314871651652909680e-02
1.276189134865318882e-02
1.868473721492610456e-02
1.451047093798059177e-02
1.190991265060672120e-02
1.392111611974669073e-02
1.346061054050184773e-02
1.194524349283922725e-02
1.398667986040561147e-02
1.775109241057165263e-02
1.414236072381937388e-02
1.631621029634222272e-02
1.497531753559025978e-02
1.247480943786534631e-02
1.795232508089587148e-02
2.059443086345791665e-02
1.628890436349335682e-02
1.077540956540244677e-02
1.632759870434410260e-02
1.551215806056889870e-02
1.486560241520734800e-02
1.279512309259793999e-02
1.392204007320348158e-02
1.582777318431047298e-02
1.516083944768383332e-02
1.537105798300980944e-02
1.569143988481825833e-02
1.605464333596200166e-02
1.372469449835314603e-02
1.345458755045850566e-02
1.414366772031284449e-02
1.185345374157095386e-02
1.191130586052492613e-02
1.460931221841484107e-02
1.271427420936842995e-02
1.163437637337883315e-02
1.059524857395848646e-02
1.428951260394681518e-02
1.297108962138146873e-02
1.290740542811815404e-02
1.799419858345198062e-02
1.647634591221694769e-02
1.386835777346136570e-02
1.440299256224710986e-02
1.529169521131070082e-02
1.283494593163285805e-02
1.288780495087031054e-02
1.111084145410436846e-02
1.205611509343512168e-02
1.235766669306087064e-02
1.483326069846788164e-02
1.161348816667587096e-02
1.033196577152847677e-02
1.299976826677848134e-02
1.231638757227926373e-02
1.709172248480451614e-02
1.490326410726061819e-02
