1.299597868827971105e-02
1.664288904838071015e-02
1.534655048520000911e-02
1.386926872685444005e-02
1.697177856821111691e-02
1.393114121205614626e-02
1.432813564319961389e-02
1.677796009592931112e-02
1.963358937348334832e-02
1.495487848629166797e-02
1.409488402073205346e-02
1.746220769375850593e-02
1.186745555440492025e-02
1.216406562163491190e-02
1.524339813894021178e-02
1.185946726009044945e-02
1.254138030834337815e-02
1.633375780654989021e-02
1.333701544191140398e-02
1.448318060389389844e-02
1.439505049118974291e-02
1.383293425601256170e-02
1.991360841604811194e-02
1.312253514744292533e-02
1.586655982354079342e-02
8.574305748923243681e-03
1.527169588478571004e-02
1.232010842567060442e-02
8.595218155909993205e-03
1.555385048236572303e-02
1.412185334734765083e-02
1.483088932899972318e-02
1.498091761831340032e-02
1.227319683693966872e-02
1.648227048503683040e-02
1.728254320471442340e-02
9.835107665536777649e-03
2.208290158580328288e-02
2.028461871338271827e-02
1.360516848842746596e-02
1.621461910534705703e-02
1.385123599202991822e-02
1.206035982605297222e-02
1.474281217159444449e-02
1.354367720997029512e-02
1.197061645098792745e-02
1.231086435382445360e-02
1.722181524097783634e-02
1.232957104669032446e-02
1.351361039909437789e-02
1.246882235676936325e-02
9.954536448630705442e-03
1.248218511251220596e-02
1.028720731886644847e-02
1.537845090012140287e-02
1.494158686494975741e-02
1.402068251432465884e-02
1.245151705403134933e-02
1.029872432626244803e-02
1.291978042977180718e-02
1.650910777070628208e-02
1.355493177756739165e-02
1.586566108121624172e-02
1.403392010538961378e-02
1.378897633519697748e-02
1.451324260492285571e-02
1.644913302401672731e-02
1.419921908710226714e-02
1.293449744623149239e-02
1.712431876030330244e-02
