1.752208197866674325e-02
1.421125914881378460e-02
1.448998472239725922e-02
1.261678349653241882e-02
1.474360028775701867e-02
1.163754740916988530e-02
1.308364208617785775e-02
1.280478839387921321e-02
1.433323155047422706e-02
1.269553101063840804e-02
1.395835800264967098e-02
1.315220468155992549e-02
1.255745226518713807e-02
1.440925859079459671e-02
1.328870523338073796e-02
1.156429936698519061e-02
1.259418264228421430e-02
1.328643632368686767e-02
1.590722923859576310e-02
1.199863880177779764e-02
1.536705224433037621e-02
1.313383231731144254e-02
1.504057967482309334e-02
1.288237958039037748e-02
1.502347322332287308e-02
1.802422423511008259e-02
1.566551084050925649e-02
1.347848298693978854e-02
1.649916517006674160e-02
1.175840516293107964e-02
1.378754668324941833e-02
1.338842012975417078e-02
1.350162894018462796e-02
1.757823885164204111e-02
1.229968395944577332e-02
1.608901600806766918e-02
1.433222956503434758e-02
1.058642869846893909e-02
1.496788314796218544e-02
1.263904423447308190e-02
1.400723663523900479e-02
1.745802735801076436e-02
1.496787768650604915e-02
1.471390094844908687e-02
2.109515059530846573e-02
1.649108709960608529e-02
1.703961142132828441e-02
1.401824248138919954e-02
1.638537809830910644e-02
1.413957009744463630e-02
1.488826879825223652e-02
1.492132594505813856e-02
1.730284746870083476e-02
1.335367159448290833e-02
1.178821300074319942e-02
1.447989075825084800e-02
2.071194729130378109e-02
1.424946951702079669e-02
1.392390207152520085e-02
1.169069076341391379e-02
1.373962364233164563e-02
1.312414768901747943e-02
1.066959674846174391e-02
1.565778849008518311e-02
1.229542871351559964e-02
1.667230704300788624e-02
1.682851884420271879e-02
1.068085665360117391e-02
1.198524684089871152e-02
1.382173481910928259e-02
