1.522339027936593994e-02
1.499069229793145372e-02
1.283580005078675812e-02
1.075918896341926390e-02
1.277594751484128696e-02
1.257927734878920394e-02
9.693668666903408268e-03
1.499701388793600425e-02
1.284622619705214075e-02
1.390516159402842115e-02
1.487030160932646498e-02
1.251980954451424773e-02
1.097295989192638779e-02
1.432618979999240698e-02
1.278357294409681114e-02
1.319596345413426991e-02
1.403112722603806588e-02
1.392290907645911402e-02
1.575124082255293864e-02
1.278690855869488163e-02
1.388560168945444755e-02
1.426150403616164436e-02
1.470677835616192135e-02
1.786582902475309861e-02
1.625997969635147380e-02
1.972471095319745446e-02
1.716164089940200657e-02
1.644832118530605014e-02
1.781212024691324752e-02
1.194400754647611737e-02
1.604979139689876808e-02
1.157074083037002397e-02
1.512118181721967825e-02
1.614182720570856572e-02
1.543133468188956359e-02
1.138664590880104042e-02
1.234838503180002781e-02
1.477831223455100713e-02
1.891843938180740384e-02
1.276830271599193288e-02
1.129591420741959083e-02
1.720951055586401532e-02
1.560732809280536079e-02
1.643794388263673800e-02
1.132043254410625838e-02
1.504944966105080384e-02
1.732359239853649771e-02
1.733010720224729961e-02
1.523254903164066726e-02
1.243190039879092310e-02
1.312413426407028731e-02
1.480542142577493704e-02
1.083326641128544779e-02
1.793148011771770675e-02
1.428647145406352660e-02
2.098036700360838419e-02
1.054409337013905920e-02
1.374790114745226208e-02
1.297233723708363790e-02
1.445388480395558978e-02
1.578079510388594175e-02
1.348626522617657301e-02
1.238324774604081593e-02
1.089186727577833025e-02
1.427676353177614703e-02
1.493596366017444291e-02
1.634642403245260139e-02
9.806305200357421162e-03
1.631426567030670738e-02
1.250721277479740351e-02
