1.422990262534542041e-02
1.396607396807729266e-02
1.104710848020270912e-02
1.097379180665329634e-02
1.520783450068692935e-02
1.646035838165297790e-02
1.492901054213552695e-02
1.430545193424949228e-02
1.468798297093651568e-02
1.533752947419903846e-02
1.331807957711130842e-02
1.303924518189662762e-02
1.887330063136974725e-02
1.401788745217629785e-02
1.629425462923806897e-02
1.216707804598876272e-02
1.254898667572857708e-02
1.048407823442350402e-02
2.013532538938522104e-02
1.509157289059610829e-02
1.489724655619414743e-02
1.316519094387658476e-02
1.417599035863493021e-02
1.662352792752059757e-02
1.784608182330202353e-02
1.360615168378997812e-02
1.364316297734427183e-02
1.372969819287369816e-02
1.156564256203005542e-02
1.555690755533360552e-02
1.766548406146394024e-02
1.266585548756041409e-02
1.643699212282842895e-02
1.319282798542014030e-02
1.447893703703604165e-02
1.810998660437658503e-02
1.432571684747910995e-02
1.138263023664890655e-02
1.363798077702445787e-02
1.526891545902040598e-02
1.345255550770654493e-02
1.757350382056702479e-02
1.583028632515326439e-02
1.338775320757227584e-02
1.041435641870730976e-02
1.394707439025400994e-02
1.456124616197512593e-02
1.197518908120350119e-02
1.281889629980091476e-02
1.603316368986014429e-02
1.524047440841508685e-02
1.139279473271508428e-02
1.464793552974764587e-02
1.313181079257539317e-02
1.420165173525158621e-02
1.376370223363455186e-02
1.151134567346528623e-02
1.197874266743623878e-02
1.493005840412322399e-02
1.726853385315997927e-02
1.527049718752812070e-02
1.614463740078373594e-02
1.483320903866600440e-02
1.314060529074255468e-02
1.595282871807209707e-02
1.480760628931879729e-02
1.136186415720987983e-02
1.453086096200245821e-02
1.566539203929588620e-02
1.114164339124437339e-02
