1.900000000000000000e+01
4.700000000000000000e+01
4.700000000000000000e+01
4.700000000000000000e+01
4.700000000000000000e+01
4.700000000000000000e+01
1.300000000000000000e+01
1.300000000000000000e+01
1.300000000000000000e+01
1.300000000000000000e+01
1.300000000000000000e+01
4.700000000000000000e+01
4.700000000000000000e+01
4.700000000000000000e+01
4.700000000000000000e+01
3.900000000000000000e+01
3.900000000000000000e+01
4.600000000000000000e+01
4.600000000000000000e+01
3.900000000000000000e+01
3.900000000000000000e+01
3.900000000000000000e+01
3.900000000000000000e+01
3.900000000000000000e+01
4.600000000000000000e+01
4.600000000000000000e+01
4.600000000000000000e+01
4.600000000000000000e+01
3.900000000000000000e+01
3.900000000000000000e+01
1.800000000000000000e+01
1.800000000000000000e+01
1.800000000000000000e+01
1.800000000000000000e+01
1.800000000000000000e+01
1.800000000000000000e+01
1.800000000000000000e+01
1.800000000000000000e+01
4.600000000000000000e+01
4.600000000000000000e+01
4.600000000000000000e+01
1.800000000000000000e+01
1.800000000000000000e+01
1.800000000000000000e+01
1.800000000000000000e+01
0.000000000000000000e+00
4.600000000000000000e+01
4.600000000000000000e+01
4.300000000000000000e+01
2.000000000000000000e+00
2.000000000000000000e+00
2.000000000000000000e+00
4.600000000000000000e+01
4.600000000000000000e+01
4.600000000000000000e+01
4.600000000000000000e+01
4.600000000000000000e+01
4.600000000000000000e+01
4.600000000000000000e+01
4.600000000000000000e+01
6.400000000000000000e+01
1.500000000000000000e+01
0.000000000000000000e+00
4.100000000000000000e+01
6.400000000000000000e+01
5.400000000000000000e+01
1.700000000000000000e+01
6.400000000000000000e+01
6.400000000000000000e+01
1.700000000000000000e+01
0.000000000000000000e+00
6.400000000000000000e+01
1.700000000000000000e+01
3.800000000000000000e+01
6.700000000000000000e+01
1.700000000000000000e+01
1.700000000000000000e+01
1.700000000000000000e+01
5.400000000000000000e+01
3.100000000000000000e+01
3.100000000000000000e+01
3.100000000000000000e+01
5.400000000000000000e+01
5.900000000000000000e+01
1.700000000000000000e+01
1.700000000000000000e+01
3.100000000000000000e+01
3.100000000000000000e+01
1.700000000000000000e+01
1.700000000000000000e+01
