1.405534546835190100e-02
1.691211184735305975e-02
1.057095685014849268e-02
1.309568059169088049e-02
1.230758170393333843e-02
1.088476726075222542e-02
1.411114754598911426e-02
1.713667325043570500e-02
1.243859012541923340e-02
1.571276190255020688e-02
1.663201261630157385e-02
1.730232676424642638e-02
1.687793377702631256e-02
1.323443139276761840e-02
9.285784954530489424e-03
1.336810175906165583e-02
1.194037084132677784e-02
1.892980174383715464e-02
1.799491322560998682e-02
1.361723998937587263e-02
1.114766715037831916e-02
1.496457004067252607e-02
1.535469266803622147e-02
1.191832025655400681e-02
1.116152983373580772e-02
2.010724562092249673e-02
1.120658635525146295e-02
1.362017894339501677e-02
1.263066370910363549e-02
1.321558945800325145e-02
1.676739218795658681e-02
1.469151238653404641e-02
1.312781692871884363e-02
1.401642140646632180e-02
1.188781567705749637e-02
1.560626814828153068e-02
1.078489495185262076e-02
1.530422245165663324e-02
1.702160933613220545e-02
1.515179751858228806e-02
1.511186555973566444e-02
1.667597313720308935e-02
1.416925589453167829e-02
1.604563891834487679e-02
1.684130012237870094e-02
1.165974557211264633e-02
1.986465458448554225e-02
1.456526433438043791e-02
1.319947008647498476e-02
1.411423685319377480e-02
1.419044916523566624e-02
1.416153812208362922e-02
1.322875824687000899e-02
1.370884995341601666e-02
1.363117275980020755e-02
1.483276786305942965e-02
1.316880925447372341e-02
1.391372954554173820e-02
1.904927535940194316e-02
1.457337134165493688e-02
1.258637179290037801e-02
1.078920237214117672e-02
9.925628036592647890e-03
1.530477362205732127e-02
1.479145561249661789e-02
1.103282724292887172e-02
1.545149004550389060e-02
1.593216626045779183e-02
1.785743863163955641e-02
1.352719106890352616e-02
