1.299733796573733849e-02
1.047306492306619187e-02
1.858855003573564590e-02
1.858498986899533717e-02
1.460620036548994014e-02
1.447821303584528353e-02
1.356027572782124435e-02
1.581124039132994485e-02
1.579197749532316314e-02
1.421537736850552770e-02
1.122527971283124142e-02
1.366045212521838081e-02
1.170509213865999348e-02
1.512412494592196496e-02
1.447878606083517067e-02
1.266770138846371602e-02
1.636716544442613427e-02
1.323913500232604123e-02
1.681104933269035942e-02
1.834967305086191922e-02
1.688682741688653927e-02
1.573466593078031231e-02
1.291111257984839909e-02
1.712375169106787262e-02
1.373228951648938941e-02
1.138364155116946587e-02
1.797080007203284355e-02
1.040137528395955122e-02
9.915918892919534447e-03
1.385848247568518925e-02
1.365881448928869465e-02
1.983478237040941020e-02
1.495495366016929943e-02
1.521341151347262166e-02
1.284017488711357811e-02
1.319420468739040085e-02
1.623492523791167028e-02
8.171246657848517045e-03
1.257588619365828872e-02
1.617902156156319354e-02
1.376785947245701483e-02
1.096120122628993325e-02
1.470066484098664014e-02
1.611078399936165251e-02
1.508301861802406781e-02
1.496789480085057057e-02
1.499330566848521701e-02
1.121153406412332861e-02
1.535033873673149162e-02
1.596544297504486412e-02
1.196564655619133076e-02
1.352790956010776341e-02
1.564604762397190513e-02
1.745871742056915102e-02
1.514164007371037249e-02
1.707231354533540746e-02
1.681692813098579348e-02
1.429090320769391305e-02
9.559548834628629407e-03
1.500820403523974757e-02
1.429441369840256208e-02
1.197261385800832065e-02
1.176374314358656289e-02
1.394294244135966566e-02
1.214489439309707729e-02
1.385573227052906524e-02
1.427098866963340783e-02
1.609486468026768979e-02
1.403544025689497550e-02
1.251249014768264674e-02
