1.536525849284501623e-02
1.976026498188930905e-02
1.668040991179191301e-02
9.972615998941255014e-03
1.556662793214222407e-02
1.434475171307241295e-02
1.039809577162662847e-02
1.334434055996286568e-02
1.358407524602307098e-02
1.750456285300124731e-02
1.112602515248733298e-02
1.131707094520006951e-02
1.438756621857196702e-02
1.386126785178159841e-02
1.322015086818214939e-02
1.318264375681848025e-02
1.246758753991489971e-02
1.357623958095775622e-02
1.201623707594389780e-02
1.078898375583364593e-02
1.124777722938512595e-02
1.733276949860094659e-02
1.908173722576162606e-02
1.757382288897028216e-02
1.141093343841360734e-02
1.477500479855694063e-02
1.419943157698796109e-02
1.656830153816206408e-02
1.332852752326242791e-02
1.110662347179691353e-02
1.485215744786729485e-02
1.510782349679373054e-02
1.751937847795334569e-02
1.266703597275861508e-02
1.600059507577819909e-02
1.378797975162004454e-02
1.150857086005053001e-02
1.461586669588473518e-02
1.163056734800080663e-02
1.597053273507576671e-02
1.359684474733899133e-02
1.416086714570095016e-02
1.355758098452489180e-02
1.417994511400348830e-02
1.578747030077097546e-02
1.377856161099011260e-02
1.655447229492681624e-02
1.242424783739161723e-02
1.278558353936479555e-02
1.632622278996684675e-02
1.437864305855370874e-02
1.117648393930066771e-02
1.465305442775719294e-02
9.965990601646296243e-03
1.409739955387800253e-02
1.466417298291378818e-02
1.619851203318005417e-02
1.531337058845217043e-02
1.504766647943622283e-02
1.435340903323790822e-02
1.393547786025402940e-02
1.878083384484596427e-02
1.550047729901280792e-02
1.886773215404036197e-02
1.230977407183149464e-02
1.861817221903226335e-02
1.561209449090413849e-02
1.308619297341663545e-02
1.230602589827142768e-02
1.523250686638645025e-02
