1.437603147677816995e-02
1.225464015819647048e-02
1.502373559003519939e-02
1.389610394081090133e-02
1.802155113812384246e-02
1.406259145954847668e-02
1.278416068690286199e-02
1.147270213075314918e-02
1.072153678240086137e-02
1.153299939037574426e-02
1.539721434164526698e-02
1.857639849677161781e-02
1.307457005354859848e-02
1.329303163530251575e-02
1.292716229906167198e-02
1.814068438736841926e-02
1.216302828541674860e-02
1.371787370573595774e-02
1.267589925818037901e-02
1.289211558593320560e-02
1.246532744555262258e-02
1.207481872910265604e-02
1.335459398644032493e-02
1.510025480585918019e-02
1.257197271944590460e-02
1.751064936538626257e-02
1.449499043875728498e-02
1.164113370620732321e-02
1.656720869204455354e-02
1.638604175359480858e-02
1.422204359282800215e-02
1.429368448571803098e-02
1.352874220166667626e-02
1.764876060865730109e-02
1.512077766872258963e-02
1.275650294048356545e-02
1.322647864823076405e-02
1.147748009311527762e-02
1.639903528783472064e-02
1.606372908933425755e-02
1.607581676240385504e-02
1.534298358331383748e-02
1.404506176754040554e-02
1.189268677341417252e-02
1.609273089995802430e-02
1.441071800632099699e-02
1.210673632602329852e-02
1.687572700882241858e-02
1.265919636066714475e-02
1.600184186232522787e-02
1.268429827894624294e-02
1.305558215811405617e-02
1.378548562446758885e-02
1.293222212200383081e-02
1.516725914832998262e-02
1.577625924780015620e-02
1.531521493745227440e-02
1.494160135941341450e-02
1.291390825551999404e-02
1.493254885278265734e-02
1.358799199426340316e-02
1.679699673887709299e-02
1.583811547046908366e-02
1.688648295806271030e-02
1.582568523604676800e-02
1.533558564570506114e-02
1.409037859760864896e-02
1.663922657217572695e-02
1.199425655237035086e-02
1.208914383692951539e-02
