1.272735095087067746e-02
1.298645893301484874e-02
1.319731455128335569e-02
1.512689299385137388e-02
1.683561490367034910e-02
1.692095796870676447e-02
1.687862012490623162e-02
1.680251669868830858e-02
1.406492470357337266e-02
1.802059616773011436e-02
1.358250901345120325e-02
1.469750825232561328e-02
1.352835003412730316e-02
1.271324107115029758e-02
1.323997419665999195e-02
1.293636887353210446e-02
1.382702062347350436e-02
1.208113015313417617e-02
1.554276373537475005e-02
1.360447633125615521e-02
1.684629205834517821e-02
1.589640177742122559e-02
1.141798788325511238e-02
1.457586484951792737e-02
1.487190128452394594e-02
1.708809041041564614e-02
1.299074167053731674e-02
1.509696954251367983e-02
1.262383086442809242e-02
1.476906188567045537e-02
1.287464972373752146e-02
1.317225812606756009e-02
1.482637376161631201e-02
1.344774955197841453e-02
1.044915524736401459e-02
1.517117502662461252e-02
1.729678540751888871e-02
1.092898355772054832e-02
1.331391436615114374e-02
1.246345652300922223e-02
1.516520783638254481e-02
1.501612591216859582e-02
1.383482313236932167e-02
1.629573319721820332e-02
1.686806049940925770e-02
1.302773675069885013e-02
1.584865930650396215e-02
1.460011975762546578e-02
1.194180427543035765e-02
1.659302834805223559e-02
1.526943762575890678e-02
1.161567511760940898e-02
1.250824736660537465e-02
1.836274877165672281e-02
1.424894055186493730e-02
1.187769401959297942e-02
1.843320155779081329e-02
1.627140622074958048e-02
1.000806893495198580e-02
1.395832902138882670e-02
1.461306747863241016e-02
1.309772176143670849e-02
1.162487219625914052e-02
1.439956395782844047e-02
1.489988212259353573e-02
1.543262809873668581e-02
1.250203230960509129e-02
1.412992283635322241e-02
1.545781431877536576e-02
1.266121291675371442e-02
