1.705470698035143479e-02
1.485065325045875108e-02
1.339824722641217922e-02
1.349624180029977694e-02
1.300604877250125142e-02
1.549182073841687962e-02
1.344800039438846448e-02
1.456761672820627677e-02
1.441437360975234526e-02
1.477680341059556951e-02
1.405491255721843732e-02
1.830271407697543762e-02
1.427789697983142085e-02
1.704410623476896453e-02
1.237140058551395444e-02
1.371398894369827044e-02
1.754293745555469616e-02
1.323170701902184887e-02
1.365965243523171481e-02
1.411501053457915773e-02
1.389770574619031245e-02
1.833527022092716965e-02
1.725071876754397798e-02
1.626320254049245378e-02
1.106342421177021994e-02
1.531971671243166806e-02
1.540650924601946921e-02
1.327489668666510629e-02
1.413451825611189080e-02
1.507558084841538991e-02
1.089390279040734245e-02
1.804870162613204237e-02
1.704164209442377703e-02
1.379878476152118956e-02
1.291186890302279192e-02
1.703335741677294152e-02
1.186076368529386839e-02
1.645023241464319691e-02
1.414223836224239028e-02
1.384430295003305847e-02
1.517563277359080219e-02
1.517647368379680846e-02
1.142159896402756072e-02
1.491293464061381642e-02
1.449486035432018607e-02
1.713372256698901530e-02
1.502831956979091589e-02
1.316219064241556241e-02
1.530298759386213014e-02
1.387596676045899959e-02
1.469480300640863338e-02
1.248641241646067206e-02
1.093132218380883300e-02
1.522369838176929752e-02
1.091962343467451496e-02
1.405028641966604187e-02
1.027528026272726130e-02
1.097720419723986068e-02
1.335318978319438403e-02
1.361796974629421973e-02
9.301000095901981041e-03
1.651154184479187645e-02
1.299981554462676346e-02
1.342092700125019009e-02
1.582279507817540773e-02
1.511701518827602252e-02
1.647216845987420700e-02
1.203205967922775163e-02
1.482030260242623958e-02
1.242171914850283103e-02
