1.354843030572534454e-02
1.537672615632526205e-02
1.323291728629786591e-02
1.244587901592589425e-02
1.354045840804639356e-02
1.278658717287891634e-02
1.599959891533171696e-02
1.227175301755947280e-02
1.202819120481123279e-02
1.338528710761421360e-02
1.138716245517337571e-02
1.496694419660650130e-02
1.217032255620796415e-02
1.464790995393336175e-02
1.344413421161801472e-02
1.499798987624813805e-02
1.698918491612005227e-02
1.216264463079698779e-02
1.590699974088994814e-02
1.337036028644423766e-02
1.832973913556657994e-02
1.598336115470076063e-02
1.662614308695890483e-02
1.369971865658074599e-02
1.280179271768214395e-02
1.769212390614284883e-02
1.680471544496925027e-02
1.821218019261756568e-02
1.298532654710198714e-02
1.646734458055557418e-02
1.509540930872473562e-02
1.326842615483553485e-02
1.278970401515095237e-02
1.587044597885080635e-02
1.528608662731832310e-02
1.194091386729064126e-02
1.495601356376493468e-02
1.655580783314326496e-02
1.155980986705395543e-02
1.382291418829900177e-02
1.095130477985345810e-02
1.514041551658345218e-02
9.229891371418321930e-03
1.391029936980516662e-02
2.083105955357611103e-02
1.480097749938649385e-02
1.163023561365814952e-02
1.388736020804359587e-02
1.457778384955105665e-02
1.303069141491788527e-02
1.214765074595301926e-02
1.112302676543726158e-02
1.387469673937436268e-02
1.547088429988013533e-02
1.685061217408411957e-02
1.601367963014817264e-02
1.382889567838620909e-02
1.739097596784205599e-02
1.364772915197592397e-02
1.410351329160688949e-02
1.205119308009565057e-02
1.339154166990064003e-02
1.128656453839581991e-02
1.293966362632133042e-02
1.651263012312880959e-02
1.514177045685731818e-02
1.201793974909802325e-02
1.637135741383889675e-02
1.584634258186569042e-02
1.659185489715252551e-02
