1.562096333586390599e-02
1.460692421478648230e-02
1.195385714573217462e-02
1.301463564826636950e-02
1.247813863864946464e-02
1.431757620688590450e-02
1.156924098421075776e-02
1.793476309696433874e-02
1.523415356431129242e-02
9.441801427638205763e-03
1.733766321022149268e-02
1.276758588097314309e-02
1.476871083525205935e-02
1.645564881364675741e-02
1.528911993370504763e-02
1.262303247288586866e-02
1.731260010393362997e-02
1.498423910046724726e-02
1.460398570944102664e-02
1.542874894540034042e-02
1.258131134873889147e-02
1.629234104742214792e-02
1.388790992339368653e-02
1.131358862316748405e-02
1.454957479940268729e-02
1.085915452711931975e-02
1.621430219709691853e-02
1.414609641142733354e-02
1.313512648721818291e-02
1.441953412104396079e-02
1.369469543583821253e-02
1.357712985028090499e-02
1.096919060079701476e-02
1.278079659040246355e-02
1.865839346851206823e-02
1.682095492572868722e-02
1.374340116516220046e-02
1.399830916718709274e-02
1.676154043417796974e-02
1.724726484254767572e-02
1.292173693146934053e-02
1.186971099610741737e-02
1.928273000167615367e-02
1.362512501348351994e-02
1.252358955903356760e-02
1.333974126537783127e-02
1.088501617413663650e-02
1.763337241569010519e-02
1.494057908213099542e-02
1.728379384050181614e-02
1.422355060296351739e-02
1.272054836983091929e-02
1.856216822343961098e-02
1.112664922578117215e-02
1.482248068124263247e-02
1.530376962128628116e-02
1.463497401653198783e-02
1.343009450604777492e-02
1.463069478243899692e-02
1.705090880013849716e-02
1.287217367116168416e-02
1.150823020785542335e-02
1.305209257630579947e-02
1.456555717546621082e-02
1.251464891654986006e-02
1.382263572119328023e-02
1.596099921392509988e-02
1.334168199049966252e-02
1.414439263420153373e-02
1.401234854763289822e-02
