1.749756851412575739e-02
1.782752889198553278e-02
1.410286881761628301e-02
1.609162749494506134e-02
1.438930157393792167e-02
1.431108798611912224e-02
1.215327232962134206e-02
1.325210590056670468e-02
1.547664905000220928e-02
1.393798115878035031e-02
1.232749248015307074e-02
1.398964854778173700e-02
1.358092680143050887e-02
1.131347485600150277e-02
1.475843522670574823e-02
1.404422527672740707e-02
1.442066158076637378e-02
1.476862990814289608e-02
1.293237422727503902e-02
1.687548625571767130e-02
1.306057095331119265e-02
1.529693468515050392e-02
1.314096910264925255e-02
1.596140416586588548e-02
1.226937452716122916e-02
1.706895946691860261e-02
1.385287224900473742e-02
1.440652999967351362e-02
1.363258285634606423e-02
1.639519867069659173e-02
1.377732944749025107e-02
1.511285875074414899e-02
1.309165496199482352e-02
1.207864121107154673e-02
1.464691122589973846e-02
1.433054624673105702e-02
1.447958124720414609e-02
1.539804176455247808e-02
1.604012540029095893e-02
1.193638893606870956e-02
1.349081933304603978e-02
2.106860757345806884e-02
1.567231898570407844e-02
1.355939851145553619e-02
1.435415231383058848e-02
1.493382355951607988e-02
1.312353127979274531e-02
1.711662947942059823e-02
1.192832319022380134e-02
1.227049504123084445e-02
1.403288463501934508e-02
1.167295975726225996e-02
1.606007431300208663e-02
1.623605521605773344e-02
1.284984020982100732e-02
1.464152410784637544e-02
9.217442277265662856e-03
1.140195421790212577e-02
1.512100948788298871e-02
1.332373525355170889e-02
1.260824038979698261e-02
1.549816624505057257e-02
1.632871306421174867e-02
1.672973313103325380e-02
1.276535625810476006e-02
1.292228393594926569e-02
1.521650351284082464e-02
1.371608556242244828e-02
1.087233300848638659e-02
1.723818340158654594e-02
