1.221338369309201387e-02
1.572876646689300856e-02
1.289819383341839730e-02
1.483835690828605100e-02
1.658378093941594023e-02
9.741363775217051421e-03
1.441766605349955287e-02
1.320037606695152570e-02
1.454470801302646700e-02
1.322544048980168682e-02
1.129381235568379521e-02
2.099735592376524712e-02
1.973763931066700034e-02
1.316131072005449938e-02
1.327381112718403408e-02
1.584503089050908614e-02
1.024316454863436268e-02
1.583266380605052176e-02
1.218668148210049623e-02
1.303928448292167828e-02
1.526252627471212306e-02
1.690872057398527806e-02
1.533246980738956280e-02
1.773795741620041999e-02
1.257513785026504773e-02
1.196248213583510182e-02
1.452276715135582437e-02
1.254243663379637011e-02
1.027566491315470322e-02
1.528441525271460183e-02
1.253628651520913122e-02
1.116463773305187597e-02
1.908310852206506966e-02
1.499573194530626902e-02
1.236112746700366444e-02
1.295499548872750505e-02
1.453206141113573026e-02
1.475384256002162248e-02
1.824661893293892320e-02
1.408881745162053438e-02
1.256399188959324807e-02
1.581502343759322651e-02
1.935228294701336893e-02
1.409209928303008924e-02
1.461948105348748368e-02
1.502303407409298630e-02
1.697734315209778119e-02
1.407706516374347856e-02
1.722087966988133587e-02
1.296773246440629732e-02
1.398470211895469842e-02
1.384061643312768826e-02
1.027802112035478173e-02
1.496711543771070234e-02
1.664480917792626052e-02
1.487376276712459346e-02
1.158019656866485052e-02
1.571623430669294788e-02
1.361339486443476597e-02
1.428088876234545265e-02
1.454780306865489058e-02
1.708386960017007836e-02
1.062674640700398028e-02
1.116370616711153708e-02
1.317011866648259630e-02
1.437321521977497248e-02
1.397032811296252709e-02
1.448043774800135235e-02
1.364871782270195982e-02
1.432178557119827798e-02
