1.422661072436855190e-02
1.268108253425090370e-02
1.212677692594441720e-02
1.425654848107128607e-02
1.304190721606912455e-02
1.359365208676059818e-02
1.336012620663239690e-02
1.224050608004479714e-02
1.096887153403259402e-02
1.544377429173119168e-02
1.367230737945371657e-02
1.461844588153032344e-02
1.398007843492560243e-02
1.522892137154406404e-02
1.408548555810543168e-02
1.550443296060025761e-02
1.685962982885345907e-02
1.085044949773420440e-02
1.392508918552328757e-02
1.126728049829935942e-02
1.641704288048267263e-02
1.452143934435735917e-02
1.546389178655670216e-02
1.453875528377684793e-02
1.449034652147476211e-02
1.192210614421492475e-02
1.444263599506510724e-02
1.537196482155341049e-02
1.427294781360255449e-02
1.717326406760879415e-02
1.438423417233443240e-02
1.506203711080599320e-02
2.122293044819425351e-02
1.881727280015431727e-02
1.334541303284767465e-02
1.315475592249142935e-02
1.623526759347802828e-02
1.419003049153157170e-02
1.400751730370364094e-02
1.631840591483666933e-02
1.611869255427809608e-02
1.296605239118698606e-02
9.477251880449746868e-03
1.463768063404568588e-02
1.452683951114132170e-02
1.878213967894044878e-02
1.154894996186560385e-02
1.422745869190369938e-02
1.552957852316178174e-02
1.541441064762837793e-02
1.121607276985000894e-02
1.174144155320195476e-02
1.181668917085616777e-02
1.671461222844582498e-02
1.415083218324634899e-02
1.421685421907178080e-02
1.545153113799702278e-02
1.542822565329159817e-02
1.607977476376050430e-02
1.444601230492941098e-02
1.082763247633043019e-02
1.428638461628294748e-02
1.830225405260205856e-02
1.462715488071886748e-02
1.332718801272856496e-02
1.562375942157145058e-02
9.543029966933331762e-03
1.225679412944577495e-02
1.505105800824649981e-02
1.437940784934125735e-02
