2.052279136204592999e-02
1.664207551142083200e-02
1.050484956233639633e-02
1.185429194158762849e-02
1.560948452583672472e-02
1.181561368347701022e-02
1.263391718249576127e-02
1.163277927349572020e-02
1.214314594004242860e-02
1.046488932547599837e-02
1.245467063179924935e-02
1.352677890661627136e-02
1.332200039648024845e-02
1.586225374997515467e-02
1.361665340955450255e-02
1.078914874096742992e-02
1.424296918079422970e-02
1.426556196614938050e-02
1.394960911290676203e-02
1.487885447447692341e-02
1.563534361807441056e-02
1.352570007579181367e-02
1.287862571740555455e-02
1.147173136787847311e-02
1.570559358694793156e-02
1.623378720628839561e-02
1.519245343290273782e-02
1.549090227680130320e-02
1.323606138331962813e-02
1.563584449724298928e-02
1.329932440333121517e-02
1.141097205022633017e-02
1.108799975354976541e-02
1.506507815484347743e-02
1.733444730971862163e-02
1.368082569038912497e-02
1.181862078655125832e-02
1.350271474210607524e-02
1.070184499121604182e-02
1.655407100518456118e-02
1.907602087478878911e-02
1.503234915867894192e-02
1.336925523275906379e-02
1.917552689702606630e-02
1.345990503325078351e-02
1.248310980122346696e-02
1.515756893522285376e-02
1.488331867403312053e-02
1.572054896972972446e-02
1.382132856953160495e-02
1.574339433227872967e-02
1.389706111923499042e-02
1.714009341485310881e-02
1.446039528761931293e-02
1.852608974386903140e-02
1.183762865619960442e-02
1.410229720419716067e-02
1.823779835747636399e-02
1.634717605303922724e-02
1.260344733307988165e-02
1.631544071696821793e-02
1.548241468165107576e-02
1.755923100790932750e-02
1.217066950944209643e-02
1.473366471663062338e-02
1.367379530032542152e-02
1.262440367704269033e-02
1.293708452796474978e-02
1.442891341096337078e-02
1.480578787530621547e-02
