1.693220550577742220e-02
1.311071922699601038e-02
1.367878721060005430e-02
1.381442369618624856e-02
1.633202551315672199e-02
1.333489195895534545e-02
1.195355176030799514e-02
1.395610152615830123e-02
1.637873093946221048e-02
1.389857653949743040e-02
1.894311819309174583e-02
1.203964861013114354e-02
1.891983976902656892e-02
1.282552636742543412e-02
1.514105006574940557e-02
1.322635658343044272e-02
1.506080893952467872e-02
1.443648927929215911e-02
1.538335994569149483e-02
1.710901858925585606e-02
1.295115156335198935e-02
1.378013058240019038e-02
1.146563438262305015e-02
1.145009188670916694e-02
1.411462697549999840e-02
1.128670678540455788e-02
1.279169858762829043e-02
1.704157574279759058e-02
1.169727830316668118e-02
1.429776210764721264e-02
1.309551460680631607e-02
1.482136937322565615e-02
1.251278646464995883e-02
1.608709459978264339e-02
1.492148598982466837e-02
1.351032551285313507e-02
1.271775073016926175e-02
1.709517989871809848e-02
1.779273708722730468e-02
1.693626044991207100e-02
1.332536763856289642e-02
1.450980165941101636e-02
1.490895353933884872e-02
1.221485152392586850e-02
1.427342490081941369e-02
1.204830080542696608e-02
1.533378787554906184e-02
1.239628659190010300e-02
1.473588770611390653e-02
1.549873752731631936e-02
1.619563017604819591e-02
1.216494136153441208e-02
1.128451000750003985e-02
1.233858647218501886e-02
1.455234805795338655e-02
1.515130198900792140e-02
1.295483367861913898e-02
1.441188882166120899e-02
1.739995293697464349e-02
1.285727922958146245e-02
1.449929389633316384e-02
1.603464612465919925e-02
1.810305555174882355e-02
1.267611179321041955e-02
1.055258888145690216e-02
1.317044627212707146e-02
1.103448748450385625e-02
1.573795971775516708e-02
1.626338532082980196e-02
1.652896060783122165e-02
