1.415559718292883594e-02
1.376701358041345497e-02
1.067713835383995828e-02
2.092283632277964697e-02
1.582939301139318564e-02
1.382822592137958329e-02
1.799388988013836399e-02
1.256734156354534331e-02
1.291880021700379626e-02
1.361962096232550642e-02
1.386979292116402064e-02
9.905335852022401771e-03
1.204520523584879169e-02
1.706048719608033865e-02
1.642024210084962188e-02
1.451768658848770141e-02
1.374039012995804943e-02
9.684617524444201139e-03
1.458897089458127683e-02
1.631967777499715791e-02
1.321645837895428673e-02
1.523253110575343607e-02
1.553294616753906308e-02
1.558735647177961030e-02
1.546565384161845830e-02
1.509640774932545851e-02
1.287032984274259773e-02
1.394247449403056976e-02
1.286799236665669803e-02
1.242803307808448485e-02
1.130920606542278571e-02
1.582580422541722542e-02
1.275778212737668088e-02
1.406588239020891209e-02
1.400972198975311035e-02
1.376344882968124836e-02
1.710237144891287725e-02
1.643500596179533688e-02
1.421202225470735540e-02
1.419692772398529861e-02
1.457943981559672864e-02
1.290435708191619256e-02
1.334025161136459352e-02
1.285834664644251550e-02
1.174416724871738156e-02
9.831464127796590846e-03
1.588355756066980179e-02
1.308604853667950235e-02
1.667102574958690894e-02
1.258996489052286068e-02
1.516175227515947910e-02
1.445474038403714821e-02
1.127202301662253055e-02
1.445078024544186983e-02
1.355370010829289214e-02
1.620382021596870545e-02
1.347464800623029632e-02
1.418738418101906686e-02
1.629905944601865372e-02
1.178150886112799660e-02
1.587296224598494163e-02
1.766575028448614040e-02
1.447301647021690361e-02
1.642169538016402877e-02
1.710795503846639434e-02
1.320276092091856104e-02
1.347943743820054566e-02
1.546608456738715089e-02
1.772101860712431420e-02
1.391065930991268115e-02
