1.790164411437624239e-02
1.470033883509701093e-02
1.520118692399683412e-02
1.156357412199096255e-02
1.161357663364496334e-02
1.258757369264271696e-02
1.132520908147222755e-02
1.169788119335481852e-02
1.639985822526493497e-02
1.569809524257470904e-02
1.380939136440120438e-02
1.150759517144136525e-02
1.841311416598320067e-02
1.449356808826815328e-02
1.140529624830217970e-02
1.335874847234195563e-02
1.637664265024857749e-02
1.397512078946844434e-02
1.902885577459149241e-02
1.510845773684539768e-02
9.972100152465119757e-03
1.498368610359492731e-02
1.385868910783496707e-02
1.570250525529787861e-02
1.443243904951468058e-02
1.373273611573908037e-02
1.628258379145870391e-02
1.151295698360734442e-02
1.371753353834947488e-02
1.320088880848696924e-02
1.216125089521156132e-02
1.320624798265083652e-02
1.585899436711515204e-02
1.568399924074462617e-02
1.390515001726845903e-02
1.013783035875829262e-02
1.335620228286962634e-02
1.200655825435335486e-02
1.083627653285990609e-02
1.489793368636905917e-02
1.710957592698186119e-02
1.616241141483547306e-02
1.540379581288387617e-02
1.234534433449781775e-02
1.277119647779573729e-02
1.469963131423323438e-02
1.292040398720535437e-02
1.790338269227583282e-02
1.348124917817718552e-02
1.385165737566478560e-02
1.564366810611145936e-02
1.696389780108953013e-02
1.712960179341036296e-02
1.360711057096005913e-02
1.272514346558524349e-02
1.210935871439560926e-02
1.522662767505941935e-02
1.459254148484518364e-02
1.655491373659668392e-02
1.655606128041390776e-02
1.450311080626511852e-02
1.380643156204360879e-02
1.597567964984190902e-02
1.333050033017976060e-02
1.453941667352793253e-02
1.238759500270072630e-02
1.804157460056067530e-02
1.379413053003346150e-02
1.629696969449838037e-02
1.395472695647253375e-02
