1.374185971354048748e-02
1.485580926565446998e-02
1.909120501882409157e-02
1.263296969204332279e-02
1.252275924504288145e-02
1.264701071256526047e-02
1.521498980586941628e-02
1.342896163846439735e-02
1.272200778357561804e-02
1.303620857812062481e-02
1.307025078039374989e-02
1.119048247917827157e-02
1.265045521289111762e-02
1.518122335570839046e-02
1.416500350803029731e-02
1.213294924815182772e-02
1.828949523091705914e-02
1.187921604530245423e-02
1.577280253643979779e-02
1.635776036817744583e-02
1.274123701951854724e-02
1.504950122856727954e-02
1.427275419330473194e-02
1.405661946954570724e-02
1.532045220626702432e-02
1.147397926419733982e-02
1.811630204151299522e-02
1.313247702943230212e-02
1.361259169387707413e-02
1.520552194272085933e-02
1.089537626570882822e-02
1.502065916566633699e-02
2.782729478177383906e-02
1.394969857840469736e-02
1.683718179971117543e-02
1.410283327074187201e-02
1.449874634445649617e-02
1.436530918779461638e-02
1.324647115899169753e-02
1.685790440643322730e-02
1.255870718506721904e-02
1.191055945880502634e-02
1.422752621290816061e-02
1.218254001545670054e-02
1.562457001621420441e-02
1.227754324923586472e-02
1.408954467460562555e-02
1.630380916746299730e-02
1.433858538516014081e-02
1.905156974785324892e-02
1.243235514199306571e-02
1.729213468289479347e-02
1.115201022232267802e-02
1.425120078552900328e-02
1.673159378297942035e-02
1.425557358734344526e-02
1.626895064294828913e-02
1.560885666450567873e-02
1.078543798277922273e-02
1.377954603711615059e-02
1.661968585572952059e-02
1.034729928271848828e-02
1.280343936710607623e-02
1.562615180326388034e-02
1.219567970527506845e-02
1.606525977990485091e-02
1.304609439787400051e-02
1.127263264505987302e-02
1.147860696822163018e-02
1.425620428414791849e-02
