1.364368448070802688e-02
1.476810000931004681e-02
1.184715751376581687e-02
1.277790016152532092e-02
1.330116322576497569e-02
1.529489005553793732e-02
1.132468457530184415e-02
1.157337718386986826e-02
1.361389779951574855e-02
1.583419924541149340e-02
1.771996123588362101e-02
1.985822452358537715e-02
1.350380894439303855e-02
1.636235380262134054e-02
1.569814191464545539e-02
1.174556182227671879e-02
1.982059210004859240e-02
1.282965478954683526e-02
1.729935101080620763e-02
1.776060865853639273e-02
1.501439587228097818e-02
1.272167368334100289e-02
1.222994756999204111e-02
1.142420903944002530e-02
1.409647716712600883e-02
1.733127049426588448e-02
1.127553080561250094e-02
1.463464087804803790e-02
1.533171090809504374e-02
1.142070926661839167e-02
1.297992893364911283e-02
1.854423896504264410e-02
1.549958089729232442e-02
1.240387676163365663e-02
2.354772275336261197e-02
1.336255614539770716e-02
1.790719379381262161e-02
1.487473670948101165e-02
1.232424585969865705e-02
1.157288459068951669e-02
1.594149288388108446e-02
1.321601208209612251e-02
1.574146689028666293e-02
1.344764662516420226e-02
9.461376741999148396e-03
1.414266966802883024e-02
1.518244201590480263e-02
1.231432263465901886e-02
1.348877859587198878e-02
2.222486214969986509e-02
1.468341227466811102e-02
1.234455145600316106e-02
1.815342565963823027e-02
1.092809436160720876e-02
1.424620263696483799e-02
1.464261364113976852e-02
1.349013049514430004e-02
1.039565227422804654e-02
1.319564067347273571e-02
1.436245580493976035e-02
1.223171296911033934e-02
1.681975580860040065e-02
1.321052645841502490e-02
1.218242165152190470e-02
9.991337644716177455e-03
1.041567900721575984e-02
1.373858953291019758e-02
1.482814094175680456e-02
1.071709841563878163e-02
1.918664385678254050e-02
