1.302968772089531380e-02
9.763338544865525839e-03
1.105806350617348499e-02
1.219298979713543188e-02
1.663535538884508905e-02
1.184538661473477812e-02
1.401036952298222171e-02
1.236410982446302376e-02
1.689798738002860554e-02
1.694895580876632987e-02
1.252289515891831864e-02
1.083034260184834001e-02
1.293528889267395003e-02
1.386431459030232002e-02
1.937069518126044096e-02
1.737653892611583720e-02
1.695379125843303122e-02
1.173835333654324291e-02
1.535656270671824711e-02
1.289277231233022097e-02
1.773906172798724035e-02
1.411961238421273121e-02
1.315683666976854779e-02
1.231473635693079195e-02
1.274266004509213950e-02
1.725131449636168809e-02
1.338117615110494263e-02
1.237383337946632370e-02
1.424196156884095614e-02
1.039055346071640282e-02
1.340729289253168519e-02
1.378274233294801698e-02
1.470569762323976036e-02
1.572286408813013819e-02
1.330651029210891921e-02
1.050277176769005491e-02
1.053365461198416987e-02
1.740121481262938211e-02
1.487702489492031578e-02
1.339049371888277953e-02
1.752381023667652638e-02
1.609834121729165554e-02
1.380321860913030947e-02
1.709168123280801685e-02
1.250987269751440908e-02
1.920140463621391319e-02
1.395923475483031549e-02
1.591660034452617445e-02
1.438871969375833844e-02
1.634395057187752048e-02
1.487950691565984029e-02
1.373846382936301860e-02
1.335201751812005282e-02
9.636466573287637630e-03
1.460409748596749532e-02
1.403586603972083874e-02
1.301282160684270710e-02
1.485862742139053283e-02
1.758599135563049601e-02
1.720284125120205565e-02
1.487266305890139369e-02
1.251751830722393731e-02
1.596933063246736700e-02
2.114334357388672481e-02
1.402206364705763271e-02
1.320586800460925476e-02
1.330365799893563038e-02
1.099791700826472512e-02
1.682008318435276872e-02
1.347420824290793476e-02
