1.195135832049863157e-02
1.808363045789942308e-02
1.198390891682931357e-02
1.608580933670208241e-02
1.438850474510994931e-02
1.120321307836236700e-02
1.168115357246726424e-02
1.532977056745110644e-02
1.182102404077967940e-02
1.471324997497867361e-02
1.258699701647699939e-02
1.788911323301690601e-02
1.556031659797833117e-02
1.133354848281081101e-02
1.317210624035220629e-02
1.475495690072883663e-02
1.616605489977937515e-02
1.600876116593634782e-02
1.366936195479584275e-02
1.610325718740894876e-02
9.922515690597766280e-03
1.437349028468631537e-02
1.511305806873277160e-02
1.455586592517210329e-02
1.404417022726800815e-02
1.601820411679943934e-02
1.425973815996740661e-02
1.205816553705391092e-02
1.237070969025978046e-02
1.573577376298067321e-02
1.436308605159116250e-02
1.599283399750349097e-02
1.515221227978609704e-02
1.428249125294429357e-02
1.301627071319846896e-02
2.022383599099835880e-02
1.347385099020335583e-02
1.937550121294555686e-02
1.920517275392671225e-02
1.396718851331264603e-02
1.461118030487230240e-02
1.742840991523515737e-02
1.657619805520843884e-02
1.545094058188356025e-02
1.303266256852706265e-02
1.328670246941156610e-02
1.120716897808331398e-02
1.521112237751150523e-02
1.615531928281714602e-02
1.303033805143569493e-02
1.972960645651157530e-02
1.318748804756940222e-02
1.561604259738984084e-02
1.250889721223363664e-02
1.258572832228738170e-02
1.186718311430047003e-02
1.429951839509955615e-02
1.300028997087917734e-02
1.321706832537751161e-02
1.449233127538328801e-02
1.239215436341903169e-02
1.468352986304805215e-02
1.482595480357375844e-02
1.388899300981285244e-02
1.480310865258421815e-02
1.086788086264158480e-02
1.351189338662705554e-02
1.150076888771862232e-02
1.296363820116723693e-02
1.207764975709837638e-02
