1.503117575730183661e-02
1.517223342398256111e-02
1.310730785730499816e-02
1.313802209475570595e-02
1.412620562429633270e-02
1.400185515788430687e-02
1.570847839255799447e-02
1.328168854645935155e-02
1.176531347917999723e-02
1.341476592003744764e-02
1.523935859338504915e-02
1.900525738425914990e-02
1.591982929097325583e-02
1.476596183671553646e-02
1.194689391829473202e-02
1.165361638019788044e-02
1.177605646403482274e-02
1.275417823128513310e-02
1.213339473681276925e-02
1.085828697058483644e-02
1.312594095198854095e-02
1.282446817957949223e-02
1.501603583904436920e-02
1.533753109268172141e-02
1.382954634376825850e-02
1.531189917901288819e-02
1.592457666746542946e-02
1.076565900095946028e-02
1.225415063202637059e-02
1.489380864843183050e-02
1.292298987376190762e-02
1.788396987130657853e-02
1.693101244393730928e-02
1.563178612722370200e-02
1.334695132566329420e-02
1.533679991839817687e-02
1.503074585604466731e-02
1.195702481416472708e-02
1.189385376642873061e-02
1.517159864168148194e-02
1.222023420250164909e-02
1.304118563920909218e-02
1.196341661844355607e-02
1.248750871463271718e-02
1.177034828192823068e-02
2.442722176231811385e-02
1.253952593816569025e-02
1.105406248608521887e-02
1.334945842473248337e-02
1.185288699116355225e-02
1.941763558318468710e-02
1.236210377541692440e-02
1.691011628082299614e-02
1.468950455295408783e-02
1.276211071033933608e-02
1.238270109776707685e-02
2.092228930152658511e-02
1.402520089288757273e-02
1.543894364161316896e-02
8.856418826226548566e-03
1.615744946380336805e-02
1.664271351655112127e-02
1.488006059650014666e-02
1.741051611920045941e-02
2.192633711125007226e-02
1.420574077312426915e-02
9.705154301138810627e-03
2.009151752968128465e-02
1.232895130879642538e-02
1.398845632416193668e-02
