1.732904038620961332e-02
1.439880401407592214e-02
1.524211051996782022e-02
1.127546148143520992e-02
9.276111647889969183e-03
1.747002161617675770e-02
1.441632022756982393e-02
1.553320984007904547e-02
1.140625176620608215e-02
1.411954692210479374e-02
1.145962042243012929e-02
1.337173619246614237e-02
1.541848035117167337e-02
1.384199350578618586e-02
2.946338324107479825e-02
1.364305940621815018e-02
1.037320853967005872e-02
1.369671527633961258e-02
1.327966613523052196e-02
1.317231528644719450e-02
1.176409064577956312e-02
1.693001918823592092e-02
1.234018234709550153e-02
1.224997933656402603e-02
1.438140795719456549e-02
1.857599034382375475e-02
1.471248141851334151e-02
1.467882869200132223e-02
1.914854114788425155e-02
1.586401187726526468e-02
1.129155267547106954e-02
1.435630583746293903e-02
1.804451166689510083e-02
1.580179003863872722e-02
1.502050439405361315e-02
1.302939096978085291e-02
1.308178694937610700e-02
1.794841542252216884e-02
1.255158160902600066e-02
1.389257127907716875e-02
1.176325612851934939e-02
1.597276842270192385e-02
1.671337636300778903e-02
1.110775482146546776e-02
1.376066057191970352e-02
1.283648188988614422e-02
1.696309218359171728e-02
1.152880176729582234e-02
1.440311415884953754e-02
1.310762434186355831e-02
1.272706247013237826e-02
1.465991743955448283e-02
1.043757434909388035e-02
1.501584707619132118e-02
1.691704373050575971e-02
1.492051002013637488e-02
1.359696238077370660e-02
1.896499051495252261e-02
1.890921879873509737e-02
1.047450465746095800e-02
1.168239442917492522e-02
1.412983872608849709e-02
1.393718266248625791e-02
1.414358916202737050e-02
1.373997472807448987e-02
1.164980867035943918e-02
1.291931630879794221e-02
1.508094004980557214e-02
1.330643191299592243e-02
1.077896068834141921e-02
