1.303576557911692926e-02
1.147864992511567726e-02
1.134051605396772626e-02
1.842307285378720974e-02
1.631310300943069475e-02
1.406088763280947604e-02
1.245144947956577756e-02
1.259181740278136202e-02
1.300495472401717867e-02
1.621706737686272326e-02
1.679583809883166898e-02
1.807295247079333811e-02
1.471376249293294101e-02
1.226626729982421490e-02
1.158740612255348447e-02
1.172354878359697407e-02
2.052955769434042579e-02
1.293855331060361075e-02
1.406993214429510045e-02
1.201132627687478277e-02
1.264394489380162370e-02
1.373831234459358536e-02
1.386600060327113082e-02
1.697030412966571422e-02
1.749730387011447230e-02
1.561311781217519790e-02
9.470927995675417627e-03
1.553784099681700288e-02
1.622474231433809061e-02
1.374089063596646218e-02
1.227264859020089569e-02
1.921586017130784418e-02
1.521105498374940995e-02
1.300981805416591246e-02
1.239631090067567186e-02
1.512919331461254346e-02
1.210558424328492602e-02
1.880325828297804008e-02
1.578051639747964432e-02
1.570221463819018032e-02
1.363693217043726764e-02
1.527560955433607606e-02
1.559819223168075301e-02
1.542135429019196764e-02
1.593774206868396257e-02
1.380843556870924894e-02
1.458437513872353972e-02
1.075053368828349752e-02
1.113865299385666426e-02
9.531307642315660009e-03
1.714554160863301924e-02
1.212744002464360808e-02
1.392978844939919691e-02
1.495227432828477934e-02
1.598425513141400051e-02
1.285191969258800762e-02
1.260011641041804478e-02
1.414238407399014824e-02
1.709182924339245832e-02
1.469754309049659154e-02
1.457462930144782891e-02
1.392020245431718935e-02
1.448033403315983347e-02
1.486912727275213793e-02
1.246268311984735297e-02
1.192958583844855140e-02
1.242075986428911594e-02
1.464302869519951492e-02
1.762728796841291773e-02
1.330986014648180907e-02
