4.300000000000000000e+01
4.300000000000000000e+01
4.300000000000000000e+01
4.300000000000000000e+01
4.300000000000000000e+01
4.300000000000000000e+01
4.300000000000000000e+01
4.300000000000000000e+01
4.300000000000000000e+01
4.300000000000000000e+01
4.300000000000000000e+01
4.300000000000000000e+01
4.300000000000000000e+01
4.300000000000000000e+01
4.300000000000000000e+01
1.600000000000000000e+01
1.600000000000000000e+01
1.600000000000000000e+01
1.600000000000000000e+01
1.600000000000000000e+01
1.600000000000000000e+01
1.600000000000000000e+01
1.600000000000000000e+01
1.600000000000000000e+01
1.600000000000000000e+01
1.600000000000000000e+01
1.600000000000000000e+01
1.600000000000000000e+01
1.600000000000000000e+01
1.600000000000000000e+01
4.600000000000000000e+01
4.600000000000000000e+01
6.800000000000000000e+01
4.600000000000000000e+01
4.600000000000000000e+01
4.600000000000000000e+01
4.600000000000000000e+01
4.600000000000000000e+01
4.600000000000000000e+01
4.600000000000000000e+01
4.600000000000000000e+01
4.600000000000000000e+01
4.600000000000000000e+01
4.600000000000000000e+01
4.600000000000000000e+01
0.000000000000000000e+00
0.000000000000000000e+00
0.000000000000000000e+00
0.000000000000000000e+00
0.000000000000000000e+00
0.000000000000000000e+00
0.000000000000000000e+00
0.000000000000000000e+00
0.000000000000000000e+00
0.000000000000000000e+00
0.000000000000000000e+00
0.000000000000000000e+00
0.000000000000000000e+00
0.000000000000000000e+00
0.000000000000000000e+00
6.500000000000000000e+01
6.500000000000000000e+01
6.500000000000000000e+01
6.500000000000000000e+01
6.500000000000000000e+01
6.500000000000000000e+01
0.000000000000000000e+00
0.000000000000000000e+00
0.000000000000000000e+00
0.000000000000000000e+00
0.000000000000000000e+00
0.000000000000000000e+00
0.000000000000000000e+00
0.000000000000000000e+00
0.000000000000000000e+00
2.000000000000000000e+00
2.000000000000000000e+00
2.000000000000000000e+00
2.000000000000000000e+00
2.000000000000000000e+00
2.000000000000000000e+00
2.000000000000000000e+00
2.000000000000000000e+00
2.000000000000000000e+00
2.000000000000000000e+00
2.000000000000000000e+00
2.000000000000000000e+00
2.000000000000000000e+00
2.000000000000000000e+00
2.000000000000000000e+00
6.300000000000000000e+01
6.300000000000000000e+01
6.300000000000000000e+01
6.300000000000000000e+01
6.300000000000000000e+01
6.300000000000000000e+01
6.300000000000000000e+01
6.300000000000000000e+01
6.300000000000000000e+01
6.300000000000000000e+01
6.300000000000000000e+01
6.300000000000000000e+01
6.300000000000000000e+01
6.300000000000000000e+01
6.300000000000000000e+01
6.400000000000000000e+01
6.500000000000000000e+01
6.500000000000000000e+01
5.200000000000000000e+01
5.200000000000000000e+01
5.200000000000000000e+01
5.200000000000000000e+01
5.200000000000000000e+01
3.100000000000000000e+01
3.100000000000000000e+01
3.100000000000000000e+01
3.100000000000000000e+01
3.100000000000000000e+01
3.100000000000000000e+01
3.100000000000000000e+01
8.000000000000000000e+00
8.000000000000000000e+00
8.000000000000000000e+00
8.000000000000000000e+00
8.000000000000000000e+00
8.000000000000000000e+00
8.000000000000000000e+00
8.000000000000000000e+00
8.000000000000000000e+00
8.000000000000000000e+00
8.000000000000000000e+00
8.000000000000000000e+00
8.000000000000000000e+00
8.000000000000000000e+00
8.000000000000000000e+00
1.000000000000000000e+00
1.000000000000000000e+00
1.000000000000000000e+00
1.000000000000000000e+00
1.000000000000000000e+00
1.000000000000000000e+00
1.000000000000000000e+00
1.000000000000000000e+00
1.000000000000000000e+00
1.000000000000000000e+00
1.000000000000000000e+00
1.000000000000000000e+00
1.000000000000000000e+00
1.000000000000000000e+00
1.000000000000000000e+00
