1.717288233230353234e-02
1.315794798600995047e-02
1.167237640941719105e-02
1.821201691564055050e-02
2.020001046479473830e-02
1.588956709765543610e-02
1.240389638489072105e-02
1.404261860056691541e-02
1.033274110427196205e-02
1.476168907226497323e-02
1.082516390648931813e-02
1.256278111105748121e-02
1.229571580912417784e-02
1.610309873455664093e-02
1.216938084986880775e-02
1.459005694278728109e-02
1.161604195766531566e-02
1.362270728791144594e-02
1.175253139797875768e-02
1.534546513572667380e-02
1.638595473975658356e-02
1.236971216191933183e-02
1.287367148552217774e-02
1.523801020562020637e-02
1.546346248692602454e-02
1.534077344285770216e-02
1.470228402129686827e-02
1.370668928014856860e-02
1.381407028587606362e-02
1.021083226480233065e-02
1.517959044908234224e-02
1.337102275774765606e-02
1.177779972183284549e-02
1.113381258446475772e-02
1.697379747340646908e-02
1.465785910724201439e-02
1.202144862763489253e-02
1.438168205050117769e-02
1.726362016256700882e-02
1.148012397300397953e-02
1.518917170251409335e-02
1.559151293454618357e-02
1.592136194900138982e-02
1.490204311605860914e-02
1.510739976245504407e-02
1.060822150785783666e-02
1.317879560894638299e-02
1.614634085682792666e-02
1.255951941964612503e-02
2.023330099067601265e-02
1.659536503127942084e-02
1.107796043545798519e-02
1.215791016219964181e-02
1.630346855946322726e-02
1.433483942145808050e-02
1.006785414942229159e-02
1.323312637125034427e-02
1.623420449659461473e-02
1.802646713018869751e-02
1.512647389467296558e-02
1.424219433402887716e-02
1.514949491712108513e-02
1.376808116755856744e-02
1.401462369448797964e-02
2.000214256109160080e-02
1.605914481980581440e-02
1.252233126991411823e-02
1.540577788671574321e-02
1.494298264132838845e-02
1.422298242423994906e-02
