1.718263102079080340e-02
1.306918058462675988e-02
1.292677771474744219e-02
1.335542686533298766e-02
1.363192447966919338e-02
1.519854069973142728e-02
1.438371259676049681e-02
1.209195457596055727e-02
1.393357142871633203e-02
1.432772897144650448e-02
1.637476479439232621e-02
1.385874046825144416e-02
1.769883858372355359e-02
1.805348353121450158e-02
1.344465281021016076e-02
1.451129117574390462e-02
1.540086668775303771e-02
1.865367851039110431e-02
1.596581246302025692e-02
1.430717302699466287e-02
1.906173681874008888e-02
1.224762596735368657e-02
1.441439131821895328e-02
1.613321512881563807e-02
1.283507744234335148e-02
1.329211997596462490e-02
1.739303749540916863e-02
1.573212160210998856e-02
1.391985441706078755e-02
1.043800352066671239e-02
1.037709318031407313e-02
1.336925684359588015e-02
1.234849155055253028e-02
1.368361643674787832e-02
1.384721153551594919e-02
8.108099484921240871e-03
1.215891630237264653e-02
1.183172976506766984e-02
1.721532821284745343e-02
1.016054920982693670e-02
9.397626107490147929e-03
2.480684413591658505e-02
1.345093495645272898e-02
1.650992326757580106e-02
1.505018739267888379e-02
1.796289334623351122e-02
1.397881195648043029e-02
1.397077539214139873e-02
1.149676132994971282e-02
1.554728984829714666e-02
1.257078178900684212e-02
1.381801742243585207e-02
1.936691066200269679e-02
1.237090757715836840e-02
1.376780637859226913e-02
1.067252480760863542e-02
1.330011794608503689e-02
1.057916611216772051e-02
1.143633292601636126e-02
1.586434130192614089e-02
1.399597777701231185e-02
1.020388297547672983e-02
1.592127923835034292e-02
1.512739277806281896e-02
1.455413334853997848e-02
1.409400054685909336e-02
1.450728533079621851e-02
1.373034055815964584e-02
1.457751790659149449e-02
2.043100768601268519e-02
