1.450695717914880778e-02
1.174623399416806213e-02
9.277750498241650601e-03
1.485445862306808938e-02
1.423568116892485504e-02
1.198416672999780101e-02
2.085686389532160137e-02
1.394761348820020529e-02
1.383137851181603407e-02
1.518824990588756550e-02
1.384507977919289569e-02
1.125148603601833740e-02
1.793966874596300554e-02
1.213365709919149958e-02
1.403814411557921873e-02
1.438555750892716624e-02
1.136151751708745772e-02
1.221919942481168933e-02
2.120317403998272371e-02
1.495475210518515570e-02
1.144108168676415647e-02
1.232261629365222211e-02
1.031853014438319401e-02
1.235627884137968993e-02
1.333287075545573803e-02
1.386676819181364463e-02
1.404094331124453206e-02
1.689545843538669406e-02
1.465918897184872137e-02
1.393301336635685041e-02
1.671620898647241393e-02
1.140425570045433892e-02
1.244590755040446244e-02
1.591050822248140859e-02
1.320532218263623450e-02
1.285973834624194734e-02
1.431824484391553721e-02
1.663669930491778332e-02
1.236203015342282087e-02
1.624931891943123125e-02
1.491423309818844072e-02
1.388278335377196929e-02
1.217564980985580934e-02
1.500649746977395296e-02
1.500661039086169900e-02
1.540022882400598862e-02
1.470725909738474120e-02
1.280524758356723324e-02
1.961104498669081000e-02
1.203372230912838625e-02
1.625457802299249896e-02
1.597472137796689812e-02
1.508996001790508835e-02
1.512388646239157600e-02
1.571727230317514212e-02
1.528666314157012783e-02
1.461962624552953956e-02
1.491543483603353405e-02
1.466613663359775735e-02
1.166413915053087468e-02
1.512028498054379666e-02
1.505028551875573981e-02
1.207236079278314715e-02
1.526962088365094172e-02
1.866120259615360044e-02
1.496345571042123797e-02
1.505618663545624930e-02
1.259989826585478263e-02
1.414462607789206475e-02
1.316980884818888357e-02
