1.432869894680248619e-02
1.394924172599167934e-02
1.429022540469700002e-02
1.716594386390775731e-02
1.167580028467652721e-02
2.075278642372023474e-02
1.591270100099501095e-02
1.515740926547924985e-02
1.379686389743420456e-02
1.299783479962444109e-02
1.417627947506406964e-02
1.585957445481525618e-02
1.291680489547844014e-02
9.637115563965207785e-03
1.671222302839270313e-02
1.529051093797756562e-02
1.108899904648687380e-02
1.160220256177423546e-02
1.230595211223007614e-02
1.354296902955663337e-02
9.388885013182687173e-03
1.446703661583912531e-02
1.482985286696286362e-02
1.373063028251580303e-02
1.460967647569210229e-02
1.121715211114952988e-02
1.756988797203021258e-02
1.314066316398788091e-02
1.861663350846130827e-02
1.435968625503596108e-02
1.354673885252319875e-02
1.331572389934288642e-02
1.841968820610133742e-02
1.364769308870824455e-02
1.327390465631875585e-02
1.755876273007559232e-02
1.315466514900737183e-02
1.557851245129776747e-02
1.498110494649240905e-02
1.641495457902360580e-02
1.630453948474780770e-02
1.789132010179310048e-02
1.470934998778206798e-02
1.692845331066793885e-02
1.553774458109512258e-02
1.366545304134649322e-02
1.669544011662459082e-02
1.471244280444444601e-02
1.471894253964262100e-02
1.205484047925338593e-02
1.398784800532470139e-02
1.168983766741140198e-02
1.316993402546359077e-02
1.757538823757117882e-02
1.485543968588190315e-02
1.901296543105208264e-02
1.487407255980089521e-02
1.461281878232556855e-02
1.017437023724704695e-02
1.275880801686134908e-02
1.159560001322351187e-02
1.347064528904148330e-02
1.448671424477129474e-02
1.104054493806602005e-02
1.326690956542757489e-02
1.204015715991853600e-02
1.353138804864568480e-02
1.441989022911928375e-02
1.269508660575135658e-02
1.254106526687993016e-02
