1.191568549313731969e-02
1.440131955061598260e-02
1.383024019697631259e-02
1.134188576717345270e-02
1.694932972221253192e-02
1.617785074246554794e-02
1.284972235295377130e-02
1.281134220567023072e-02
1.437637826933434171e-02
1.287371532616370974e-02
1.347885470331911320e-02
1.453989761227790153e-02
1.147582268170385493e-02
1.627205948595120133e-02
1.273458713662647089e-02
1.428672937163787821e-02
1.606306878666600296e-02
1.519734917381415987e-02
1.261638228120631755e-02
1.362534530202857107e-02
1.289801396441447867e-02
1.550068434701922654e-02
1.478304527019977735e-02
1.450791734673349473e-02
1.229079710575831097e-02
1.259704801565076672e-02
1.176625878296102753e-02
9.600028559148021320e-03
1.721562755794146804e-02
1.380639846177290735e-02
1.566569034963900126e-02
1.513108615625224397e-02
1.708635375639970533e-02
1.600488022019080567e-02
1.202962193155467617e-02
1.463411135774440354e-02
1.480462902675730788e-02
1.906939000557861946e-02
1.437045067749583536e-02
1.524782306204381863e-02
1.554911901535019000e-02
1.338466348662843003e-02
1.359554893991362159e-02
1.719241160310676711e-02
1.198137449545559445e-02
1.939528207777553234e-02
1.516164462177207843e-02
1.298051293449287678e-02
1.984606059371306699e-02
1.417346092138754149e-02
1.172654494221295370e-02
1.128725952707913295e-02
1.243211748817237700e-02
1.162954388122975843e-02
1.291138672411767593e-02
1.544836747196561173e-02
1.355008697193085983e-02
1.385523135010305502e-02
1.235169195475461709e-02
1.458946468462493998e-02
1.624258369353967849e-02
1.660396998612592712e-02
1.092409579860721160e-02
1.232461690933299957e-02
1.904691136962809173e-02
1.218587282139214564e-02
1.484566362747687454e-02
1.833491667436471656e-02
1.438018372250978935e-02
1.524198959404514907e-02
