1.269139011757097583e-02
1.283213564268610718e-02
1.650166379484456838e-02
1.413895319869144102e-02
1.177657075240081883e-02
1.751425219719930301e-02
1.407949381584622413e-02
1.300454821017039270e-02
1.459133627296845676e-02
1.816589896959591721e-02
1.543091043259902859e-02
1.407032932843862126e-02
1.445452415615273295e-02
1.134486688429341313e-02
1.191652304470455087e-02
1.274972035663534016e-02
1.333578309320220499e-02
1.300163336485213317e-02
2.163211658156862296e-02
1.490622462874495804e-02
1.484106750440141419e-02
1.576661521147646947e-02
1.396175784238495518e-02
1.646823457419045733e-02
1.559244003384994449e-02
1.231289737479304876e-02
1.441773422819269020e-02
1.631534102003012396e-02
1.425125111997014443e-02
1.096464344823071431e-02
1.208051168624025770e-02
1.603845595139703067e-02
1.558330073689794329e-02
1.208157587479431923e-02
1.412557306779948715e-02
1.769730183114274699e-02
1.427929968900008666e-02
1.343798311930357973e-02
1.603516489981318682e-02
1.321011637700894061e-02
1.462496592657301121e-02
1.580219891012934336e-02
1.610675572329921257e-02
1.819279586400933402e-02
1.351327539968611921e-02
1.334902903466640700e-02
1.709318136790774142e-02
1.509606397247958975e-02
1.457659105302954589e-02
1.055005461442273459e-02
1.792611172607649211e-02
1.032733993494844987e-02
1.213813881056115263e-02
1.699991559575830466e-02
1.122550731024364243e-02
1.212020165325204506e-02
1.283641945280485086e-02
1.272327909554102354e-02
1.457573604681005990e-02
1.644692768018542889e-02
1.127719155528842179e-02
1.438322242079157973e-02
1.392437722741445352e-02
1.270978803421649213e-02
1.294707368511142410e-02
1.613120342706527224e-02
1.280491161438067349e-02
1.514492155557226917e-02
1.312010671803185737e-02
1.373257415565989209e-02
