1.676039215163681664e-02
1.435846100957452465e-02
2.000840106417043837e-02
1.191981859399806297e-02
1.197342585728630900e-02
1.487157756345233901e-02
1.508608608060675246e-02
1.406897667699201493e-02
1.010414489204676351e-02
1.650644852938726315e-02
1.389957015336032962e-02
1.283803607822684746e-02
1.216793535537742492e-02
1.393275757654096475e-02
1.406105975972505619e-02
1.574465056660047727e-02
1.891389612189966693e-02
1.508108057586523242e-02
1.313648586822850975e-02
1.617620839428114687e-02
1.213495194289102366e-02
1.338824589147661823e-02
2.607288959045944016e-02
1.427958388976369175e-02
1.095053209326173234e-02
1.727048971091766846e-02
1.434954901358839047e-02
1.981656992598228306e-02
1.493441877997034491e-02
1.477770821267107744e-02
1.318130252812160265e-02
1.907414400479660183e-02
1.445095665277474836e-02
1.338503097279522200e-02
1.291085247103424156e-02
1.217228767342357250e-02
9.864582497081829035e-03
1.275172315347586349e-02
1.656679138898895301e-02
1.357485285722945766e-02
1.245971082736666187e-02
1.070706596943182300e-02
1.212483873630834479e-02
1.011806326582653272e-02
1.139942978758264058e-02
1.374744437172145325e-02
1.468229756859524074e-02
1.134198457535229645e-02
1.374255244735399055e-02
1.194096445060026206e-02
1.594793583081374408e-02
1.309195010843310254e-02
1.806863029171083129e-02
1.475908826490361821e-02
1.325844365627821229e-02
1.198769424490359406e-02
1.404968801131849764e-02
1.494961148752295237e-02
1.400334468237408869e-02
1.616970328996429271e-02
1.477839286313462064e-02
1.154895393998378768e-02
1.396132710903835727e-02
1.458158824114826058e-02
1.524946653875594235e-02
1.529607705262051205e-02
1.794466158065161424e-02
1.549801843835835885e-02
1.339155723938432498e-02
1.168263900860097397e-02
