1.397029274233652606e-02
1.113990133966486981e-02
1.339353223852120245e-02
1.351640185216744158e-02
1.761854101005714060e-02
1.158461666264551729e-02
1.255212912352947352e-02
1.204879216946320650e-02
1.964047529675666537e-02
1.398628150549463198e-02
2.421930438525842291e-02
1.460864364758500747e-02
1.267069427631920681e-02
1.393685786307378820e-02
1.410517348939952474e-02
1.311754607606514626e-02
1.561697859123092544e-02
9.694866934717350296e-03
1.676367211733199858e-02
1.543534199145963834e-02
1.650011732348255142e-02
1.171787437466628203e-02
1.173442735558453270e-02
1.468299979399736825e-02
1.191788903141456461e-02
1.127157912138253455e-02
1.453265971341078169e-02
1.442002855220633067e-02
1.491696096557516837e-02
1.175022919917251621e-02
1.385925282974849113e-02
1.597598286043120860e-02
1.681998817562681270e-02
1.534047105956560901e-02
1.703557852363767056e-02
1.429692103076519484e-02
1.540695710145325095e-02
1.120981432302638713e-02
9.253220800155649572e-03
1.417854929829540783e-02
1.023543007378535652e-02
1.433536200605320041e-02
1.142278732551839024e-02
1.515096646852637577e-02
1.248760478864476518e-02
1.281442158650538711e-02
1.440934239878256980e-02
1.377481067718232255e-02
1.501516124603608122e-02
1.475496858306054454e-02
1.712332342868119056e-02
1.258963491583731630e-02
2.178187542144279648e-02
1.667268225155857375e-02
1.168030696015590585e-02
1.952874467565749242e-02
1.402453859400185424e-02
1.475465967833178814e-02
1.419327357859521618e-02
1.320426525898429036e-02
1.363344283405058983e-02
1.390506842380196707e-02
1.397645480577124066e-02
1.512216370565526435e-02
1.691160824916503741e-02
1.239119771665382272e-02
1.787454542975914704e-02
1.421972568082475671e-02
1.319178726369338306e-02
1.237830122660752569e-02
