1.682188796566198505e-02
2.470297406273530560e-02
1.837435892247280336e-02
1.803622528100242220e-02
1.728159940287760099e-02
1.527237298323574390e-02
2.104285433740394132e-02
1.615065146495813647e-02
2.175341813765467244e-02
2.035284637379188716e-02
2.506203883261152662e-02
1.656711365497426369e-02
1.688661887949504878e-02
1.885290431657663662e-02
2.330720347249524982e-02
1.988781480973352347e-02
3.439751566458068566e-02
2.840080942687682811e-02
2.075526568773454136e-02
1.828344903468241689e-02
1.712038317406412713e-02
2.295725018080474814e-02
1.532152344960503905e-02
2.123614972340878010e-02
1.979867134417878649e-02
1.588051496723985601e-02
2.027113700640801458e-02
1.904783014471718786e-02
2.482237853720678164e-02
1.735349303581542463e-02
2.157402950040857026e-02
1.639618997770503003e-02
1.922631884600180946e-02
2.271151034217231551e-02
2.066995505180664952e-02
1.631884655521720004e-02
1.532610738312609709e-02
1.924280689705899772e-02
3.076964778262982272e-02
2.158839936132644563e-02
2.003324083223146160e-02
1.784631350119548002e-02
2.371061519104629423e-02
1.628117847031594970e-02
2.204316803819784606e-02
1.619573582172654028e-02
1.811768100264282699e-02
1.859603858435820295e-02
1.787461175120741777e-02
1.947835083462102351e-02
