1.249696337130249725e-02
1.396509336868810569e-02
1.372614474593620605e-02
1.054567849485807916e-02
1.202682010038062278e-02
1.422283052660993675e-02
1.372450984449103024e-02
1.371198921601145433e-02
1.227274407554976993e-02
1.458495946622010743e-02
1.112581534614479235e-02
1.333406501932725072e-02
1.545533128467211498e-02
1.364105539863923362e-02
1.262950870924849957e-02
1.282798172798904623e-02
1.593161160815336277e-02
1.443722433017710638e-02
1.282003930046226280e-02
1.823223051127768890e-02
1.580556126328496597e-02
2.162130144513088256e-02
1.791339755612881418e-02
1.985695807067948751e-02
1.269539013707014774e-02
1.316374735526394148e-02
1.195790402484717997e-02
1.447765795020544352e-02
8.238474894185455685e-03
1.328752680628524259e-02
1.548047945502397174e-02
1.407318042307771286e-02
1.450384494853860194e-02
1.325777281234443404e-02
1.394668665517655864e-02
1.191947367474940726e-02
1.491249686088800055e-02
1.593119097213101937e-02
1.376355273952919317e-02
1.508914227254960078e-02
1.391479338511108881e-02
1.472292316520391713e-02
1.361031106149747025e-02
1.517547332738796405e-02
1.325697179122867220e-02
9.845728591688170453e-03
1.915174023052244531e-02
1.687938816864586328e-02
9.812747295744961643e-03
1.343302985709700532e-02
1.411695039343606288e-02
1.077598667839771603e-02
2.055604375840378029e-02
1.854872086643961568e-02
1.177578313292089972e-02
1.753963180251880485e-02
1.453886474047708099e-02
2.201672833697942283e-02
1.120513343423108939e-02
1.533181949855086726e-02
1.418259764644531733e-02
1.525672227702145473e-02
1.655902466672197829e-02
1.212868437176202116e-02
1.621639429998012957e-02
1.339493597139008139e-02
1.551874274509240127e-02
1.035822543179022205e-02
1.263741206311147329e-02
1.393015424697290582e-02
