1.634448550254418570e-02
1.218250034804620706e-02
1.348487837839108111e-02
1.056225530404286683e-02
1.279211356415651570e-02
1.522926672412965379e-02
1.194552843720003525e-02
1.409652316610881216e-02
1.531331413806913573e-02
1.941816124894859760e-02
1.712151978487203713e-02
1.577614625943426011e-02
1.389632900702661260e-02
1.454563418791361175e-02
1.322234527993996177e-02
1.564118223487604223e-02
1.354285067359575594e-02
1.286716451012161373e-02
1.397034237960935107e-02
1.662228150241919569e-02
1.628747653298920003e-02
1.721658973759926034e-02
1.097530111379607133e-02
9.024256070337256450e-03
1.222695748552277140e-02
1.266849463082929568e-02
1.388605722025597691e-02
1.141582957324667642e-02
1.280075212139348932e-02
1.776407063077334314e-02
1.409472737452508243e-02
1.425466982940985089e-02
1.120153871408045496e-02
1.885552359048102769e-02
1.508026616399785365e-02
1.410780143682664571e-02
1.640980844804018277e-02
1.342203676469049325e-02
1.455637534071782882e-02
1.718927372371913467e-02
1.400296031548993111e-02
1.350848398308504561e-02
1.089600338451135464e-02
1.271895130522127278e-02
1.208280050414142597e-02
1.342087567379390833e-02
1.636310911568375839e-02
1.629180259111081067e-02
1.304267024387107364e-02
1.322074390190975876e-02
1.478950948268896275e-02
1.713398630117034943e-02
1.608152706506069118e-02
1.091798281279379029e-02
1.502019078091191943e-02
1.411160791898338068e-02
1.739831602565651558e-02
1.361468833961529054e-02
1.044375965856450886e-02
1.118098116291563367e-02
1.526293175367413046e-02
1.366352597447851626e-02
1.135923116871795369e-02
1.590066775502866139e-02
1.604700946737192685e-02
1.375639564331825569e-02
2.716667958229781327e-02
1.079677098370926056e-02
1.419161826438323538e-02
1.360158970516340236e-02
