1.994850782854599991e-02
1.734746637939608635e-02
1.834583051970870710e-02
2.053626816700976701e-02
1.805844291107360985e-02
1.359186397121112458e-02
2.021338542516848066e-02
2.123461410563456248e-02
1.947773479089224755e-02
1.628461901709730292e-02
1.605866237706420063e-02
1.751135162910028714e-02
1.989821567773411570e-02
2.649321686937275086e-02
1.336171599574905583e-02
2.057362495997982696e-02
3.222562592627226108e-02
2.260086615394384102e-02
1.835049337530836322e-02
2.367530322261179876e-02
1.316172553373828359e-02
1.900181223614074572e-02
2.061644828828291393e-02
1.642689094234570102e-02
1.989018629471528063e-02
2.930091147469568100e-02
2.434468306595000131e-02
2.748200104299253210e-02
2.269380030827060357e-02
1.539724960089641423e-02
2.072119410452072721e-02
2.141053739598308692e-02
1.963981374565368365e-02
2.057474255411841785e-02
1.737067289627628602e-02
1.640620298134420202e-02
2.451603090057304091e-02
3.048590546148268951e-02
1.851876303927424763e-02
1.796127042992428854e-02
1.601883693625487035e-02
1.720403028477738086e-02
1.902805531257851027e-02
1.774779956993608604e-02
1.766817910484613785e-02
2.485698006942940394e-02
1.998440296706130090e-02
1.807422366665814226e-02
1.941942997223158537e-02
1.828941051617313449e-02
