1.468089081259963888e-02
1.288308238930966840e-02
1.534011881995089345e-02
1.248082410760874977e-02
1.174991452094272665e-02
2.082961664336507521e-02
2.337669999396976839e-02
1.786933137978377259e-02
1.600900501196170916e-02
1.529720216189587451e-02
1.798902694605154784e-02
1.214196960530826951e-02
1.552525585254643618e-02
1.212825612320946565e-02
1.654656929636906179e-02
2.054815956872536875e-02
1.097262616991491989e-02
1.241615885693664149e-02
9.818914015043577262e-03
1.186437941322549851e-02
1.632712117878691582e-02
1.380994142214210865e-02
1.483628122733010937e-02
1.151354759387700558e-02
1.289471011672920810e-02
1.298151453843061562e-02
1.389911189959853847e-02
1.446205260333698582e-02
1.217440187421516343e-02
1.356425877266153636e-02
1.558998534869301088e-02
1.505307549410827769e-02
1.472405861991939527e-02
1.271841902756476114e-02
1.102098466200838491e-02
1.172137201067820385e-02
1.549368017255105603e-02
1.823156477295312383e-02
1.386407162073784692e-02
1.452945653270031230e-02
1.276618258879138289e-02
1.337678465450328411e-02
1.681851732862094453e-02
1.351070886943084998e-02
1.678805892229274371e-02
1.465137864299210363e-02
1.032791749235005205e-02
1.279477162343986910e-02
1.543288436315927784e-02
1.256466989836468873e-02
1.436372102412088528e-02
1.510568562084411981e-02
1.372350938151487183e-02
1.129249347951039734e-02
1.505842764089580788e-02
1.824265471698202287e-02
1.243462863898879556e-02
1.478575254581504170e-02
1.024403361673191515e-02
1.801194303306793282e-02
1.439837003509731803e-02
1.495196653599821859e-02
1.092834008683085667e-02
1.018620747780151457e-02
1.503809128179034969e-02
1.506426808045407094e-02
1.366299953572188558e-02
1.366632947983978212e-02
1.571133965108439945e-02
1.421975257522309008e-02
