1.185692832855886857e-02
1.055781498530983936e-02
1.044714255910380793e-02
1.624447490522828302e-02
1.452056770508782478e-02
1.305610564809432834e-02
1.214861417547768649e-02
1.402373419184245289e-02
1.390983592318576455e-02
1.241533870061939902e-02
1.316968872401490069e-02
1.539707590782048857e-02
1.500618345030083588e-02
1.286948292509307659e-02
1.517775323145804933e-02
1.949273997567648256e-02
1.103965836694092637e-02
1.685425010337626012e-02
1.459665573427455787e-02
1.279295683930851621e-02
1.109380449034153004e-02
1.545801728330441389e-02
1.580789048173851519e-02
1.283851719999587297e-02
1.794283399304115803e-02
9.419959982935469447e-03
1.915481915988778011e-02
1.521334465652661970e-02
1.450245262972232364e-02
1.159363344202406394e-02
1.584622952489278536e-02
1.661963693794362915e-02
1.431051114652803075e-02
1.125890208458178027e-02
1.393657153105952971e-02
1.377415956343761884e-02
1.266682378336481639e-02
1.484194280727306123e-02
1.504378051133061292e-02
1.032748825295343176e-02
1.430412617265917896e-02
1.669700288405543895e-02
1.559758140530266568e-02
1.957204638379691358e-02
1.688327303370355803e-02
1.669647236730454481e-02
1.586153950343266797e-02
1.221799664755809055e-02
1.162261545708630738e-02
1.914424018905959077e-02
1.290691288667105037e-02
1.296961168082758076e-02
1.388853039818480246e-02
1.763003152294138551e-02
1.533440913621252587e-02
1.254581826621007506e-02
1.961518956917858783e-02
1.171612296232624716e-02
1.311682942224754594e-02
1.402630866984969256e-02
1.577664723150702664e-02
1.202826857281203733e-02
1.721301025869477822e-02
1.505619096890722410e-02
1.508511904947400575e-02
1.460361891349848916e-02
1.277457245655744082e-02
1.503855617194548196e-02
1.005912412003907158e-02
1.278991185430072841e-02
