1.370910135590317283e-02
1.517142394100762064e-02
1.219943159055580754e-02
1.177803429847217725e-02
1.136229728728044112e-02
1.361245632330971601e-02
8.547495144866577507e-03
1.147842522479274735e-02
1.579524999909480421e-02
1.038178579087817993e-02
1.433184361924162188e-02
1.217002146155282162e-02
1.306254101912431541e-02
1.419063841927496739e-02
1.335885659866279697e-02
1.364058114950706876e-02
1.471006050145685744e-02
1.820910157741387550e-02
1.439795530122009969e-02
1.307679682772329259e-02
1.284645825385404699e-02
1.070563384621754828e-02
1.021409228921923290e-02
1.828390361140639839e-02
1.306502307265254743e-02
1.590872458627354616e-02
1.216336685810368023e-02
1.541015855103559408e-02
1.497643375728237129e-02
1.361460258868832721e-02
1.861893768508228464e-02
1.243847431383662307e-02
1.732840669947416368e-02
1.602995963210106581e-02
1.580714781056518151e-02
1.395606052369381678e-02
1.560418636335114163e-02
1.538456755414597220e-02
1.369139826860237864e-02
1.763196508152651415e-02
1.422904443474445196e-02
1.585483015259938830e-02
1.549327879399986334e-02
1.520772792697014202e-02
1.676798081937232870e-02
1.726702331681219393e-02
1.325631860942425543e-02
1.832666194748466121e-02
1.581551164415069197e-02
1.417430348124237849e-02
1.257470877033611822e-02
1.412887592321080722e-02
1.644495265682776805e-02
1.258122279209380676e-02
1.413463959585276389e-02
1.485217305748977312e-02
1.346044447833382590e-02
1.374510373839351804e-02
1.168041811079540034e-02
1.361382462615320053e-02
1.371845545967696062e-02
1.509931513818554491e-02
1.432544460612711866e-02
1.629691673402468288e-02
1.707265747266402747e-02
1.658393119437471044e-02
1.260937635747564657e-02
1.566114759161018818e-02
1.459098070704125186e-02
1.156913108408114815e-02
