1.362398237603275677e-02
1.568755254270987748e-02
1.731654038876631607e-02
1.402431744905082919e-02
1.221809016512637180e-02
1.466291712900751228e-02
1.357933609757472695e-02
1.661502036945019384e-02
1.432111379891753966e-02
1.143188771422927637e-02
1.281604248002159857e-02
1.645848302175460451e-02
1.592521730181082132e-02
1.489749114906229778e-02
1.224483243280685522e-02
1.304344498521640451e-02
1.034856904342537805e-02
1.431589981568687740e-02
1.281968810233430345e-02
1.279166293088210803e-02
1.365526347293635062e-02
1.676602355407768100e-02
1.402495457758514211e-02
1.498084651243807713e-02
1.537416890916224431e-02
1.431947698020246372e-02
1.386740294058779084e-02
1.503108122237584339e-02
1.746902693000257356e-02
1.450754347474119202e-02
1.088131034179528125e-02
1.273941451580399772e-02
1.865782214887808793e-02
1.420387071951592813e-02
1.113360782436169545e-02
1.057514752917750218e-02
1.647985492775068048e-02
1.490955164528237446e-02
1.596143106865707123e-02
1.381505572329812075e-02
1.425074334189320446e-02
1.660988826477120123e-02
1.756472093734202586e-02
1.352146404225266531e-02
1.191551347620106553e-02
1.456970207686590288e-02
1.261889955463332130e-02
1.717659408038012953e-02
1.683427699617816992e-02
1.280172478764414999e-02
1.250274114569707370e-02
1.249221831888139463e-02
1.375257524572267437e-02
1.426951305887343320e-02
1.651061215259420206e-02
2.020593535109381847e-02
1.516858844103881505e-02
1.494785959249375802e-02
1.699934016222622371e-02
9.973980224233337105e-03
1.099668524291499104e-02
1.606630719778547045e-02
1.484576860175022654e-02
1.112198254637235088e-02
1.007690096077381789e-02
1.530052760421160563e-02
1.445441378602928609e-02
1.559915203983175576e-02
1.492705418526879720e-02
1.342937227154810884e-02
