6.900000000000000000e+01
6.900000000000000000e+01
6.900000000000000000e+01
6.900000000000000000e+01
6.900000000000000000e+01
6.900000000000000000e+01
6.900000000000000000e+01
6.900000000000000000e+01
6.900000000000000000e+01
6.900000000000000000e+01
6.900000000000000000e+01
6.900000000000000000e+01
6.900000000000000000e+01
6.300000000000000000e+01
6.300000000000000000e+01
5.700000000000000000e+01
5.700000000000000000e+01
6.000000000000000000e+01
6.000000000000000000e+01
6.000000000000000000e+01
5.700000000000000000e+01
6.000000000000000000e+01
6.000000000000000000e+01
5.700000000000000000e+01
5.700000000000000000e+01
6.000000000000000000e+01
5.700000000000000000e+01
5.700000000000000000e+01
5.700000000000000000e+01
5.700000000000000000e+01
1.700000000000000000e+01
5.200000000000000000e+01
1.700000000000000000e+01
1.700000000000000000e+01
1.700000000000000000e+01
1.700000000000000000e+01
1.700000000000000000e+01
1.700000000000000000e+01
1.700000000000000000e+01
1.700000000000000000e+01
1.700000000000000000e+01
6.300000000000000000e+01
5.200000000000000000e+01
1.700000000000000000e+01
5.200000000000000000e+01
2.300000000000000000e+01
2.300000000000000000e+01
1.000000000000000000e+01
2.300000000000000000e+01
2.300000000000000000e+01
6.000000000000000000e+00
1.000000000000000000e+01
2.000000000000000000e+01
2.300000000000000000e+01
2.300000000000000000e+01
6.000000000000000000e+00
2.000000000000000000e+01
2.300000000000000000e+01
6.000000000000000000e+00
2.300000000000000000e+01
1.200000000000000000e+01
4.800000000000000000e+01
4.800000000000000000e+01
1.200000000000000000e+01
0.000000000000000000e+00
0.000000000000000000e+00
0.000000000000000000e+00
4.800000000000000000e+01
2.300000000000000000e+01
0.000000000000000000e+00
1.200000000000000000e+01
0.000000000000000000e+00
1.200000000000000000e+01
1.200000000000000000e+01
0.000000000000000000e+00
6.300000000000000000e+01
6.300000000000000000e+01
6.300000000000000000e+01
6.300000000000000000e+01
1.300000000000000000e+01
1.700000000000000000e+01
1.300000000000000000e+01
1.700000000000000000e+01
1.700000000000000000e+01
1.700000000000000000e+01
6.300000000000000000e+01
6.300000000000000000e+01
1.700000000000000000e+01
1.300000000000000000e+01
1.300000000000000000e+01
1.800000000000000000e+01
5.200000000000000000e+01
1.800000000000000000e+01
1.800000000000000000e+01
1.800000000000000000e+01
5.200000000000000000e+01
1.800000000000000000e+01
5.200000000000000000e+01
5.200000000000000000e+01
5.200000000000000000e+01
1.800000000000000000e+01
5.200000000000000000e+01
5.200000000000000000e+01
1.800000000000000000e+01
1.800000000000000000e+01
2.000000000000000000e+01
5.200000000000000000e+01
5.200000000000000000e+01
6.000000000000000000e+00
5.200000000000000000e+01
5.200000000000000000e+01
5.200000000000000000e+01
2.000000000000000000e+01
5.200000000000000000e+01
5.200000000000000000e+01
5.200000000000000000e+01
5.200000000000000000e+01
5.200000000000000000e+01
1.000000000000000000e+01
5.200000000000000000e+01
