1.322523320245147689e-02
1.464379237317459809e-02
1.145158370638474886e-02
1.557351953961071470e-02
1.177470213168682611e-02
1.178515883378290080e-02
1.675325297875777941e-02
1.359322451379841451e-02
1.369629762676620455e-02
1.495296687721304162e-02
1.450314988657427744e-02
1.260459693796090776e-02
1.866350248030885714e-02
1.527680146389363836e-02
1.379961920027612463e-02
1.486662315245690542e-02
1.256317106579344159e-02
1.803437593088291768e-02
1.574129058267400086e-02
1.121711533200895304e-02
1.469247742924698931e-02
1.627388520035456462e-02
1.407710035595591096e-02
1.781995284609871888e-02
1.320240214221298468e-02
1.227054545210843998e-02
1.140235371810937280e-02
1.941590591860749629e-02
1.265019944390630320e-02
1.723826579908118231e-02
1.374760031896381761e-02
1.501289593523526429e-02
1.301776313876323692e-02
1.262881731933046016e-02
1.420977126589903147e-02
1.289818777391718227e-02
1.464112435716564097e-02
1.197689168155038550e-02
1.599253893646784136e-02
1.249488696299084871e-02
1.216599978612111811e-02
1.222131077053764669e-02
1.528887595634538868e-02
1.238950513057723683e-02
1.573347049042816276e-02
1.599436554984586326e-02
1.369681841219170734e-02
1.407780081179685686e-02
1.197884042262188468e-02
9.906002606228560964e-03
1.681214305624244287e-02
1.475653588902820466e-02
1.740749527768456484e-02
1.515792454002415877e-02
1.390136837678668767e-02
1.412026810609848942e-02
1.283522033770049739e-02
1.931678133770064684e-02
1.432897645172148508e-02
1.352660259946036371e-02
1.358368121538889965e-02
1.449916836147719171e-02
1.569553038803402426e-02
1.816501877899673670e-02
1.398225719097116390e-02
1.243169976466324163e-02
1.164077047602614032e-02
1.364937060261463449e-02
1.325203985200633372e-02
1.710061364825772937e-02
