1.351145173410353215e-02
1.641240686333430079e-02
1.442054985969685316e-02
1.198387016397632100e-02
1.447979555388188497e-02
1.660514852994409568e-02
1.271716950166837216e-02
1.302854102092428600e-02
1.115868154392592182e-02
1.510540197727189456e-02
1.672248690108099275e-02
1.389050114935446931e-02
1.145988323780180312e-02
1.171381054948427911e-02
1.510559693301972636e-02
1.151592329352494649e-02
1.269159946132009109e-02
1.378886478804423367e-02
1.188899920356509439e-02
1.660568854887675694e-02
1.738087581058684120e-02
1.235273472402339569e-02
9.269039126933956152e-03
1.737896636742061740e-02
1.601523800318744098e-02
1.600907284663361310e-02
1.414078391754098815e-02
1.287593876125603387e-02
1.275127234536667202e-02
1.346250219448607427e-02
1.664249618439720205e-02
1.540137391228373759e-02
1.552589922410587547e-02
1.382178648035939025e-02
1.439750281841940642e-02
1.851985949527372444e-02
1.449928469205953238e-02
1.455477575508174609e-02
1.658696392254312840e-02
1.574355996872549290e-02
1.238729037053945548e-02
1.245351602004317847e-02
1.221268973766969149e-02
1.320545321305889759e-02
1.169960450353715181e-02
2.135773738937401384e-02
1.565957603750607260e-02
1.391655943197033299e-02
1.373710783715062674e-02
1.335908119002126616e-02
1.325702445520438033e-02
1.098081493220496620e-02
1.420165636355942389e-02
1.516912913047861224e-02
1.597476952232204650e-02
1.435232440174657488e-02
1.503336047704602330e-02
1.399278188184584215e-02
1.233408709424368109e-02
1.089182113764928551e-02
1.489135621304588271e-02
1.520886705786136939e-02
1.386377721948154999e-02
1.370937963405660133e-02
1.835872424709489303e-02
1.397134922810962417e-02
1.564606579217892382e-02
1.253626034023926951e-02
1.256719852410928713e-02
2.093433925116663930e-02
