1.566836816586305442e-02
1.419392011067710513e-02
1.188663043410875114e-02
1.310330350004733704e-02
1.567499720219988138e-02
1.789045757658367861e-02
1.470882515573507590e-02
1.681838136631357353e-02
1.326446508105298336e-02
1.633257445505983257e-02
1.832039779545795860e-02
1.179823507966656394e-02
1.118074396794589004e-02
1.305535157116272105e-02
1.225294389339724906e-02
1.524172787442467161e-02
1.352208960979212407e-02
1.331364204153254877e-02
1.575498258740253357e-02
1.384037427886675685e-02
1.591050515595646142e-02
1.296918204378030501e-02
1.390683835395770986e-02
1.573823424897814738e-02
1.528017589796688835e-02
1.473152665094691789e-02
1.514959528818544433e-02
1.163073236752727550e-02
1.488903724410315342e-02
1.690866916093361136e-02
1.384564070073921946e-02
1.291609578467853466e-02
1.152448149376781791e-02
1.590265987199766806e-02
1.255469536206822029e-02
1.309799412646989701e-02
1.191642179315540069e-02
1.433241667864305902e-02
1.294065097412082886e-02
1.323391853359449227e-02
1.583694559101435015e-02
1.757584103542299270e-02
1.655630601841574095e-02
1.170900270289562152e-02
1.817898539212278383e-02
1.317179246038874263e-02
1.567238853190248277e-02
1.189401090266458544e-02
1.690522939509924924e-02
1.580598782853275333e-02
1.761951250034824237e-02
1.378702859619372091e-02
1.149577465011560745e-02
1.387856380204238738e-02
1.301596917307337731e-02
1.681496377874992787e-02
1.404883979503732463e-02
1.215674356891820185e-02
1.487024381748430248e-02
1.282311081448976944e-02
1.501744560780797835e-02
1.521904988763489279e-02
1.861157068552767718e-02
1.346425530925330488e-02
1.524823217198835630e-02
1.275996559970364597e-02
1.303617269900402172e-02
1.455589182525978027e-02
1.140753495682808941e-02
9.660757423218912024e-03
