1.444589079398196294e-02
1.023711055256006780e-02
1.491646389007500982e-02
1.544116366312058876e-02
1.247980755818949364e-02
1.491096377532749422e-02
1.372289843818376431e-02
1.841430293091933859e-02
1.489666667895226185e-02
1.140264621787981554e-02
1.164130772690398670e-02
1.460332706078321975e-02
1.465644592916546043e-02
1.368184941039154653e-02
1.348010179821696949e-02
1.351995177818721139e-02
1.303683944779172876e-02
1.172132451905136090e-02
1.722544184693121719e-02
1.430486671812656978e-02
1.414406114205588906e-02
1.526737108392218698e-02
1.520042691346434709e-02
8.798186546163095159e-03
1.523827228711983200e-02
1.362462483526665630e-02
1.608915373822351197e-02
1.656961071951645187e-02
1.458901697188653458e-02
1.500963336371609162e-02
1.047731509918129258e-02
1.221293831561319314e-02
1.612027057870933644e-02
1.701490537531871738e-02
1.699284041731634332e-02
1.443931535764093194e-02
1.242788677995739985e-02
1.402741392665778075e-02
1.695313731505307051e-02
1.724315307534182024e-02
1.448915390336112663e-02
1.400850572155606065e-02
1.206560942644981441e-02
1.592558108093856603e-02
2.067771625702509442e-02
1.314587412357919906e-02
1.824969173432403752e-02
1.581465612532793191e-02
1.637423455323715193e-02
1.235629701240173288e-02
1.042406723091976808e-02
1.561425092776074462e-02
1.837430862185148589e-02
1.176349009184853023e-02
1.421164961521748094e-02
1.291831939499789653e-02
1.437869021759985780e-02
1.275229297215397378e-02
1.714799942571340260e-02
1.130784760278689439e-02
1.427386438950003882e-02
1.415971303564525670e-02
1.785179930871489545e-02
1.318820785344062586e-02
1.413932965564734280e-02
1.522075830996712058e-02
1.029622583228777082e-02
1.419714217657737192e-02
1.261339933787746469e-02
1.088041948442810235e-02
