1.819216834812470082e-02
1.263177587141823405e-02
1.480944190137175286e-02
1.086697936664193266e-02
1.546012283767470713e-02
1.221825853940499036e-02
1.431308094337539229e-02
1.569755413268190958e-02
1.269635571187923903e-02
1.329281641814774109e-02
1.567594835463746034e-02
1.581110738668804749e-02
1.206685259595875921e-02
1.381790249496354581e-02
1.335364664816938128e-02
1.338950917444770190e-02
1.419794716015494902e-02
1.196107673589622521e-02
2.119945735867295039e-02
1.387618064830969423e-02
1.300136663572885529e-02
1.510786079668596446e-02
1.326070442805173631e-02
1.325903271577614541e-02
1.427455357306824969e-02
1.334275497932812041e-02
1.487042882360864807e-02
2.199617905713156102e-02
1.003845560360263137e-02
1.987959510690668133e-02
1.456772036681481218e-02
1.367508908216663079e-02
1.005108817432760586e-02
1.416964720666575445e-02
1.717828281130215004e-02
1.358553624777375859e-02
1.272019561013849019e-02
1.394794093876505249e-02
1.324714132938780743e-02
1.194815563683028839e-02
1.302724880871029833e-02
1.997841087879521568e-02
1.592616472825997276e-02
1.143419270076776774e-02
1.304668215729351891e-02
1.329638721693588224e-02
1.378214363102854556e-02
1.597620120172514938e-02
1.411533413532132034e-02
1.378103356743739204e-02
1.457229583912196536e-02
1.405722951886670229e-02
1.139024629411281020e-02
1.638560638575031411e-02
1.049491787401304541e-02
1.240639741876767635e-02
1.255944185397648086e-02
1.577780484129650065e-02
1.562058888129847119e-02
1.472359480104067607e-02
1.433640962499758455e-02
1.575823194277591391e-02
2.080260576087163138e-02
1.500613424957990966e-02
1.260308336162477630e-02
1.210473378757428303e-02
1.281930161649524717e-02
1.693149883627264110e-02
1.473555594881266126e-02
1.290061038379548483e-02
