1.462228364618057587e-02
1.306185056393011773e-02
1.519380584693979554e-02
1.599655540045340565e-02
1.349284929640938262e-02
1.283190240124509711e-02
1.677878809411113836e-02
1.659992440229017888e-02
1.354312222074437883e-02
1.210415684778476907e-02
1.709126037854041130e-02
1.619975533108963112e-02
1.487990613092090610e-02
1.414853120040012423e-02
1.107263409623516701e-02
1.605973768621128325e-02
1.650802456905755070e-02
1.103449987382397121e-02
1.656537581215663732e-02
1.630269350853237598e-02
1.386948581836490620e-02
1.661148313862099296e-02
1.263894932195249593e-02
1.241743715752095106e-02
1.483903019534537834e-02
1.233556591872457704e-02
2.074498629705565436e-02
1.405916927703264666e-02
1.584627004491585139e-02
1.425068976162272710e-02
2.168075437111787254e-02
1.393628838384057024e-02
1.162534010476735762e-02
1.686274217387481386e-02
1.379122368041607767e-02
1.544895764464268573e-02
1.496793046306748795e-02
1.262833575033403197e-02
1.016208497526182274e-02
1.430957033555308247e-02
1.824805490491912888e-02
1.453402321310818396e-02
1.491310856697334979e-02
1.406653975178931253e-02
1.452861892340434613e-02
1.290967638639080838e-02
1.498983125151226448e-02
1.079528981870713812e-02
1.229521337428127366e-02
1.500863144391534516e-02
1.350324033710319921e-02
1.414004354724222000e-02
1.389283887048170692e-02
1.244075344328141562e-02
1.159979609697114021e-02
1.691676304612719367e-02
1.333832754010708804e-02
1.032301262917877452e-02
1.767960656032989408e-02
1.015301109995993094e-02
1.371782464963653553e-02
1.329907743576030747e-02
1.484042546070779220e-02
1.387956384450418287e-02
1.425508400733258886e-02
1.328207896303496179e-02
1.368751813311674601e-02
1.096648200552639493e-02
1.545252919122771379e-02
1.322908338228039569e-02
