1.431513827306444588e-02
1.584511348331896566e-02
1.067619680103862843e-02
1.291733307212997346e-02
1.173242541164302467e-02
1.488806386183655524e-02
1.056256094594018244e-02
1.396767698337270970e-02
1.549979950003999712e-02
1.723639832712120165e-02
1.078442390141234365e-02
1.279612939987075440e-02
1.546628342339077637e-02
1.063054204585512849e-02
1.185477703530816301e-02
1.385093590047302252e-02
1.228331959149874669e-02
1.515966080055350211e-02
1.537547602438524459e-02
1.875737721278645381e-02
1.372438829125051385e-02
1.350545061455777837e-02
1.225197845066408782e-02
1.116832541110159872e-02
2.049307787780793241e-02
1.461422531847263694e-02
1.566301269419576730e-02
1.957274086749440437e-02
1.517524701698708817e-02
1.182550238020682598e-02
1.388581214119392546e-02
1.566368483346741725e-02
1.373623691832634441e-02
1.314644917892814936e-02
2.484064200699599018e-02
1.201333907729863065e-02
1.516708101263910050e-02
1.084196585391493384e-02
1.377985008975857531e-02
1.364634105917309111e-02
1.557832290153363282e-02
1.655877891051048961e-02
1.402057446764516657e-02
1.498145924709237686e-02
1.102410360027900049e-02
1.342813212061767618e-02
1.344072779958330535e-02
1.702977223018403360e-02
1.521784835515512142e-02
1.127814357881674889e-02
1.769749074774145531e-02
1.060756489277336380e-02
1.370617660743359001e-02
1.716532812172922445e-02
1.185600240598845730e-02
1.444111438812436567e-02
1.495979072606224390e-02
1.827174989738633570e-02
1.402625628103985889e-02
1.176882658251556316e-02
1.610250427889713815e-02
1.166116832149985752e-02
1.170963866336750293e-02
2.250436444666218880e-02
1.568221594415989892e-02
1.197083973370240487e-02
1.072220286062190199e-02
1.009834924663474340e-02
1.776431089660055612e-02
1.541125865616696337e-02
