1.438549009150261529e-02
1.470708883006172085e-02
1.235143860645566971e-02
1.266878912260785243e-02
1.246767490243942678e-02
1.218856566114250202e-02
1.640338329244205029e-02
1.282958365686857546e-02
1.532009376307278889e-02
1.296096478906474080e-02
1.552210118447953230e-02
1.403484498243243693e-02
1.625057559258191037e-02
1.275895634531701815e-02
1.147741991283398287e-02
1.262607836777040159e-02
1.166443990988251349e-02
1.106462174163219160e-02
9.037791514618682617e-03
1.234788371297236044e-02
1.230533562020868707e-02
1.643108903626679801e-02
1.701551491419350456e-02
1.998841741971297756e-02
1.424257268512269317e-02
1.397774908079874208e-02
1.373525492309775504e-02
1.196425325691321227e-02
1.730565128383492607e-02
1.791938065950004350e-02
1.305026114275999703e-02
1.351492091334960052e-02
1.495727101531661198e-02
1.676977772088961843e-02
1.578338505295137986e-02
1.171286882138747321e-02
1.667819481761651651e-02
1.526871779141915526e-02
1.163522493569141107e-02
1.272824501190027852e-02
1.545020626541840011e-02
1.541391381915662405e-02
1.394992783269412978e-02
1.429543589714333575e-02
1.296756957813860293e-02
1.457593611419101716e-02
1.464576375031537668e-02
1.190709109732187090e-02
1.376693277333413887e-02
1.422233886074412458e-02
1.652821308751253535e-02
1.458659837943875742e-02
1.224001464325362790e-02
1.685693614203214591e-02
1.290825336386106775e-02
2.091176732586639414e-02
1.382716089889106902e-02
1.601227320417886874e-02
1.272760434983337234e-02
1.715149380054503681e-02
1.485453395977645065e-02
1.588334702077845439e-02
1.527141803175200568e-02
1.343800968870090956e-02
1.441483366462155587e-02
1.233257721771559290e-02
1.817275507413772251e-02
1.570552758818472699e-02
9.652498617103676126e-03
1.527719587024799729e-02
