1.500000000000000000e+01
1.500000000000000000e+01
1.500000000000000000e+01
1.500000000000000000e+01
4.100000000000000000e+01
4.100000000000000000e+01
4.100000000000000000e+01
4.100000000000000000e+01
4.900000000000000000e+01
4.100000000000000000e+01
7.000000000000000000e+00
1.100000000000000000e+01
7.000000000000000000e+00
2.800000000000000000e+01
7.000000000000000000e+00
2.000000000000000000e+00
7.000000000000000000e+00
7.000000000000000000e+00
7.000000000000000000e+00
7.000000000000000000e+00
2.800000000000000000e+01
2.800000000000000000e+01
3.400000000000000000e+01
1.100000000000000000e+01
7.000000000000000000e+00
7.000000000000000000e+00
3.400000000000000000e+01
1.100000000000000000e+01
7.000000000000000000e+00
7.000000000000000000e+00
1.000000000000000000e+00
1.000000000000000000e+00
1.000000000000000000e+00
1.000000000000000000e+00
1.000000000000000000e+00
1.000000000000000000e+00
1.000000000000000000e+00
1.000000000000000000e+00
1.000000000000000000e+00
1.000000000000000000e+00
4.100000000000000000e+01
4.100000000000000000e+01
2.700000000000000000e+01
2.700000000000000000e+01
1.100000000000000000e+01
2.700000000000000000e+01
2.700000000000000000e+01
2.700000000000000000e+01
2.700000000000000000e+01
2.700000000000000000e+01
