2.333066522169979437e-02
2.844130907469614306e-02
1.611234009914924367e-02
1.615545905096473292e-02
1.870073538029761243e-02
1.426180954464651741e-02
1.942388258451594601e-02
2.858152482710146769e-02
1.475021836770462440e-02
2.009125315727989039e-02
2.287955273855254643e-02
2.076785787275214554e-02
2.096341191228074524e-02
1.812543633941639254e-02
2.323672062555475967e-02
1.848171065514076644e-02
2.027867831597473039e-02
1.834417723156661975e-02
1.514506786871881380e-02
1.639919136682362749e-02
1.492438593228010910e-02
1.871387812623406463e-02
1.812397723460118862e-02
1.617472795738999353e-02
2.371952341121505436e-02
1.721031025483049648e-02
2.017294011233635928e-02
1.968687154268519354e-02
2.344587546874546055e-02
1.871702830604677834e-02
2.330926222675996917e-02
2.291030205069551420e-02
2.180106260744538865e-02
1.927598011799407096e-02
2.384180283073732837e-02
1.712298281086027663e-02
1.635729234685314240e-02
1.617521886894870281e-02
1.915640179952847119e-02
1.833064071712428925e-02
1.883879265902498046e-02
2.309212581785091700e-02
2.731563870347691880e-02
2.232084959426631002e-02
2.190972168987045943e-02
1.976848485747807749e-02
2.241077975487824891e-02
2.083094761474916373e-02
1.966727550760718687e-02
2.020391684264864762e-02
