4.700000000000000000e+01
4.700000000000000000e+01
4.700000000000000000e+01
4.700000000000000000e+01
1.900000000000000000e+01
4.700000000000000000e+01
4.700000000000000000e+01
1.300000000000000000e+01
1.300000000000000000e+01
1.300000000000000000e+01
4.700000000000000000e+01
4.700000000000000000e+01
4.700000000000000000e+01
4.700000000000000000e+01
1.300000000000000000e+01
1.800000000000000000e+01
3.000000000000000000e+01
3.000000000000000000e+01
1.800000000000000000e+01
1.400000000000000000e+01
1.400000000000000000e+01
1.400000000000000000e+01
3.000000000000000000e+01
1.400000000000000000e+01
1.400000000000000000e+01
1.800000000000000000e+01
1.800000000000000000e+01
6.100000000000000000e+01
6.100000000000000000e+01
6.100000000000000000e+01
6.000000000000000000e+00
5.300000000000000000e+01
5.300000000000000000e+01
5.300000000000000000e+01
5.300000000000000000e+01
6.000000000000000000e+00
6.000000000000000000e+00
6.000000000000000000e+00
6.000000000000000000e+00
6.000000000000000000e+00
6.000000000000000000e+00
5.300000000000000000e+01
5.300000000000000000e+01
5.300000000000000000e+01
5.300000000000000000e+01
2.000000000000000000e+00
2.000000000000000000e+00
3.000000000000000000e+00
3.000000000000000000e+00
3.000000000000000000e+00
4.300000000000000000e+01
4.300000000000000000e+01
4.300000000000000000e+01
4.300000000000000000e+01
2.000000000000000000e+00
4.300000000000000000e+01
3.000000000000000000e+00
3.000000000000000000e+00
3.000000000000000000e+00
3.000000000000000000e+00
5.900000000000000000e+01
3.100000000000000000e+01
3.100000000000000000e+01
2.300000000000000000e+01
2.300000000000000000e+01
2.300000000000000000e+01
5.900000000000000000e+01
5.900000000000000000e+01
2.300000000000000000e+01
2.300000000000000000e+01
3.100000000000000000e+01
2.300000000000000000e+01
5.900000000000000000e+01
2.300000000000000000e+01
5.900000000000000000e+01
6.700000000000000000e+01
6.700000000000000000e+01
2.000000000000000000e+00
4.000000000000000000e+00
4.000000000000000000e+00
4.000000000000000000e+00
6.700000000000000000e+01
4.000000000000000000e+00
4.000000000000000000e+00
2.000000000000000000e+00
6.200000000000000000e+01
6.200000000000000000e+01
4.000000000000000000e+00
4.000000000000000000e+00
6.700000000000000000e+01
6.400000000000000000e+01
5.400000000000000000e+01
1.800000000000000000e+01
5.400000000000000000e+01
6.400000000000000000e+01
6.400000000000000000e+01
6.400000000000000000e+01
5.400000000000000000e+01
0.000000000000000000e+00
5.400000000000000000e+01
0.000000000000000000e+00
6.400000000000000000e+01
5.400000000000000000e+01
6.400000000000000000e+01
2.000000000000000000e+00
3.000000000000000000e+00
3.000000000000000000e+00
2.000000000000000000e+00
2.000000000000000000e+00
2.000000000000000000e+00
2.000000000000000000e+00
2.000000000000000000e+00
4.300000000000000000e+01
2.800000000000000000e+01
3.000000000000000000e+00
4.300000000000000000e+01
4.300000000000000000e+01
4.300000000000000000e+01
4.300000000000000000e+01
2.000000000000000000e+00
