1.586702489545684797e-02
1.229564192894859465e-02
1.724732737149206260e-02
1.682445122682285979e-02
1.796929368320633602e-02
1.195115485028773114e-02
1.292549626452807465e-02
1.336913903679413408e-02
1.519323671263269476e-02
1.383616158472348624e-02
1.217068746431499218e-02
1.338826704375802208e-02
1.425539143228038430e-02
1.427534029113471103e-02
1.507245296953184897e-02
1.462508011290425750e-02
1.397833965801694930e-02
1.241636532141011939e-02
1.303387991428078298e-02
1.321415051606984747e-02
1.395797643955731804e-02
1.364997452240901757e-02
1.262468331935714776e-02
1.815568106218084371e-02
1.341227817747658001e-02
1.527545058906826930e-02
1.361600183018532063e-02
1.364482593308354724e-02
1.404532721118661488e-02
1.253065362241851874e-02
1.644783873725811155e-02
1.654856596481847283e-02
1.203376479235863418e-02
1.297181736137009191e-02
1.239443335082854314e-02
1.321203153684946500e-02
1.348810613517300618e-02
1.611935752818372675e-02
1.341843605697436506e-02
1.547684622353948623e-02
1.353285403431435212e-02
1.646386220757943206e-02
1.737953478830668239e-02
1.871003374334090016e-02
1.274285263027704826e-02
1.585789896187577916e-02
1.172861921850171067e-02
1.439932422309048166e-02
1.443545205883037773e-02
1.429148456567090782e-02
8.981817865148697053e-03
1.255385099095628933e-02
1.247458207940073394e-02
1.582807619007474062e-02
1.745389463650174472e-02
1.669251748499134269e-02
1.333409386617152685e-02
1.300642416063551611e-02
1.549161062543899688e-02
1.489633127128054887e-02
1.327369918437939361e-02
1.679150459631593983e-02
1.256053689770339488e-02
1.512865200793780431e-02
1.586673404105069102e-02
1.101810010403552441e-02
1.743695514470193844e-02
1.598941180310990348e-02
1.087982572099827766e-02
1.386653222450770669e-02
