1.809734888291401889e-02
1.261548661066013051e-02
1.565253230425059719e-02
7.613560706725321613e-03
1.179787776510748953e-02
1.908707038421543142e-02
1.745188163587616664e-02
1.735355587633565302e-02
1.615439862478872807e-02
8.567484068523454482e-03
2.756716704336419077e-02
1.386751556029621781e-02
7.213248015402465123e-03
2.522254945821510511e-02
6.705867916055406781e-03
1.624259901850204357e-02
1.602855127510163444e-02
1.158744466215926722e-02
1.478093421499306753e-02
2.250734914669565503e-02
1.180740339285524070e-02
7.602367609622691369e-03
1.228333596439002209e-02
9.708722438144684955e-03
1.238348353498299609e-02
1.708540692024686225e-02
1.767724262612104663e-02
1.232005536090526737e-02
1.285760010160855518e-02
1.080257633390460312e-02
1.108598794537329728e-02
1.232745414468743896e-02
7.824106092075386321e-03
1.169352817945327853e-02
2.093252798423026959e-02
1.992371551685447745e-02
1.100856599776333690e-02
1.815960382266273293e-02
1.017853736048174133e-02
1.060442927870326735e-02
1.924629872472588543e-02
8.515431521385239191e-03
1.056335541616027981e-02
1.729673905373663514e-02
9.003739711310073529e-03
1.500768347375410275e-02
1.317154629817684879e-02
1.880217718631693735e-02
7.216297378302679102e-03
1.385731483993638338e-02
1.132991781378281729e-02
1.125051232782993751e-02
2.429137950234859164e-02
9.605016197539850004e-03
1.744623521532558813e-02
1.111204244373488643e-02
1.307160958936970201e-02
1.550980000183263888e-02
2.295120918656090234e-02
1.475644205116345871e-02
2.423192329194803415e-02
9.717012340695359643e-03
9.471627073776536787e-03
1.344547867112214252e-02
9.906305636555782709e-03
2.391502561006721150e-02
1.744043557746613460e-02
1.133824237999921797e-02
1.693871549371748012e-02
1.520941221610934944e-02
