1.649649624601857295e-02
9.943416046079449344e-03
1.385959748430984871e-02
1.443455404541941871e-02
1.066587262013411232e-02
1.142509918779785992e-02
1.665873324393189400e-02
1.527940229056733677e-02
1.944443292419487448e-02
1.282733455161779411e-02
1.301771157506095150e-02
1.951829771683427292e-02
1.384107543841994227e-02
1.846187899814146285e-02
1.590794373018102406e-02
1.242129508560255169e-02
1.714598261697342432e-02
1.261554439938156018e-02
1.207326565002531799e-02
1.710060237153976370e-02
1.521928942130668441e-02
1.342052091542874498e-02
1.028259316247896911e-02
1.228512106558507337e-02
1.717708603491350378e-02
1.466723225585455335e-02
1.533031602116513223e-02
1.404925710286327248e-02
1.160450045359547218e-02
1.586608416960203979e-02
1.200085067375745128e-02
1.237804130143547836e-02
1.766416724296368534e-02
1.290694856819834917e-02
1.415552421240800531e-02
1.606963784598018641e-02
1.318798501860264302e-02
1.955398347298901301e-02
1.946305760056577655e-02
1.038393873128698464e-02
1.547567650855910353e-02
1.589582348404544251e-02
1.491266998110842013e-02
1.439160560590487491e-02
1.326079868266808078e-02
1.642753582723452399e-02
1.396236345656111724e-02
1.229994858229517367e-02
1.510350003673610261e-02
1.097772130640701539e-02
1.655981926962023232e-02
1.311895841014695807e-02
1.125047920196602276e-02
1.300257162573007635e-02
1.513697132172558794e-02
1.597651399974288691e-02
9.556115002044743290e-03
1.244001383600078746e-02
1.239532804278236852e-02
1.536492766405622191e-02
1.386105439629464579e-02
1.773392763989545609e-02
1.476181397240847876e-02
1.493020150401419728e-02
1.397808504691017487e-02
1.412721432380224448e-02
1.531982849626970303e-02
1.281620527652976675e-02
1.026010047366406226e-02
1.389755553166313433e-02
