1.500437870549789152e-02
1.498020532446143332e-02
1.458586607266050550e-02
1.247674340892776512e-02
1.528335843433646993e-02
1.373306317583222573e-02
1.228091891737284787e-02
1.364101221980184610e-02
1.465611090935059306e-02
1.580053646992808647e-02
1.024404429125893613e-02
1.148115218992932715e-02
1.629156518054294261e-02
1.655746532812521488e-02
1.692273737791286092e-02
1.088871995360274174e-02
1.396400309629861579e-02
1.571268409099183319e-02
1.351047632998783610e-02
1.982883734064879583e-02
1.745320060952311111e-02
1.440000049397837691e-02
1.204582146424999778e-02
1.585095266023762647e-02
1.512778821646349262e-02
1.612903119946763886e-02
1.449097205697590096e-02
1.632630288290297035e-02
1.659748451103960909e-02
1.605298166707560051e-02
1.366281093946108798e-02
1.247162639864203906e-02
1.626157663923935223e-02
1.634562291278738796e-02
1.176367619680238237e-02
9.517656475683269890e-03
1.421434379541847495e-02
1.623839324110394264e-02
1.399692609708737615e-02
1.303325198536129867e-02
1.427281800766742360e-02
2.290176448700040335e-02
1.425613397545787663e-02
1.207796973146912228e-02
1.235479936028167566e-02
1.606349717937028548e-02
1.283211663585442745e-02
1.308560017229100716e-02
1.461679060439712539e-02
1.679902668346048775e-02
1.455897771891976646e-02
1.300352070936083328e-02
1.172123140923447132e-02
1.679968791200507627e-02
1.196598623306220979e-02
1.660513920957367925e-02
1.429716177021182755e-02
1.274196973104446164e-02
1.249372653642041170e-02
1.033775924322176236e-02
1.546202072412753738e-02
1.397660163192054709e-02
1.251714632501284979e-02
1.172955168317068968e-02
1.329116492120625131e-02
1.304842134679771656e-02
1.460487484566119244e-02
1.490517185226701569e-02
1.201595889756530006e-02
1.483911120099678897e-02
