1.406478493003373090e-02
1.070344168747073242e-02
1.847153640059607388e-02
1.211970249122631092e-02
1.623549553298883619e-02
1.153058165588309765e-02
1.146660392263041534e-02
1.329652890046435602e-02
1.195040642743127809e-02
1.318411836494570721e-02
1.500301009888241506e-02
1.617362073227905650e-02
1.443545644210896157e-02
1.353796587495471188e-02
1.861975775112693215e-02
1.509132280832549411e-02
2.175699804342513116e-02
1.447192850777595692e-02
1.413851540958056471e-02
1.394439670521532663e-02
1.247998325345254199e-02
1.536156912980295684e-02
1.678363894760680208e-02
1.140661931792720865e-02
1.853376494554704115e-02
1.160746736413814130e-02
1.153390691190683479e-02
1.765781844529445629e-02
1.817654238609989550e-02
1.139912529164865788e-02
1.394501687872498272e-02
1.396498134141222619e-02
1.521895724279151603e-02
1.288710112522275554e-02
1.167767618665073795e-02
1.864776535948660038e-02
1.795201008499071674e-02
1.673155652164423288e-02
1.673695929793525897e-02
1.487861354592582251e-02
1.315521008885769429e-02
1.528193028762367747e-02
1.476235232991636621e-02
1.397419431937052710e-02
1.321996053138682625e-02
1.435883181445829319e-02
1.625698189302295787e-02
1.227484850134610492e-02
1.043775437854263695e-02
1.370898253405565016e-02
1.658700205991802540e-02
1.124664578828075967e-02
1.599975065936408425e-02
1.060201796785663862e-02
1.341009520494905113e-02
1.339460726700576580e-02
1.206495365849600751e-02
1.721329685832862291e-02
1.408112169444876438e-02
1.497452648123597310e-02
1.434926120792816284e-02
1.092685486885615863e-02
1.440950147723771453e-02
1.356745183150248092e-02
1.321700338784805549e-02
1.244310315927683007e-02
1.129861492282185909e-02
1.564532850321461582e-02
1.515604002452037961e-02
1.420453003277468741e-02
