1.757771133044103498e-02
1.347646754227268748e-02
1.412305056387389360e-02
1.032492628252658189e-02
1.307562873221813221e-02
1.304028759350753415e-02
1.265008454960995891e-02
1.629225358562821219e-02
1.346560662081548038e-02
1.039512888456793627e-02
2.117297935305394174e-02
1.452304722531205620e-02
1.432973190104883110e-02
1.946023820291641407e-02
1.153817858289115164e-02
1.207177788343406430e-02
1.265868984684187862e-02
1.688451741197793954e-02
1.419650221684020698e-02
1.952936080700707136e-02
1.249147976043346077e-02
1.282671139597734225e-02
1.556692365212653840e-02
1.137375471997449823e-02
1.234779800623999647e-02
1.487805198137182039e-02
1.214030350436741575e-02
1.676121542234557810e-02
1.564173543233325983e-02
1.153251287285120968e-02
1.286161272576439793e-02
1.392810258351293018e-02
1.028512418242863782e-02
1.535957066520544749e-02
1.663578981245403265e-02
1.261887904090345548e-02
1.426640272916289073e-02
1.588712223914246977e-02
1.632686097066498102e-02
1.276961149552492680e-02
1.662829875039847222e-02
1.431755816520686661e-02
1.420847279456482343e-02
1.177181588968187996e-02
1.568405883518101535e-02
9.557146046872740802e-03
1.546446698416686395e-02
1.812375596960203936e-02
1.574535682661245758e-02
1.178145100272838530e-02
1.657997492390065816e-02
1.426371240719501686e-02
1.447470777833195256e-02
1.735050176676902409e-02
1.365709722879005633e-02
1.527685560169674515e-02
1.246237543396045214e-02
1.875231067585288527e-02
1.700734948025455634e-02
1.081648510669386623e-02
1.703446251583730017e-02
1.261879908350977374e-02
1.142124041183335652e-02
1.208328167080554953e-02
1.325084749323095050e-02
1.487679902581954573e-02
1.381992373659597824e-02
1.229455102348542966e-02
1.599898394159248241e-02
1.539162711925855069e-02
