1.489675553777057571e-02
1.138507884375588447e-02
1.470119319519917235e-02
1.445281992353643699e-02
1.389373816536049536e-02
1.643701275707544138e-02
1.225383164242872282e-02
1.473981633398312521e-02
1.210084844243433308e-02
1.485882298230038236e-02
1.681431834719302604e-02
1.645290302049734130e-02
1.670228864368899016e-02
1.030487664292245066e-02
1.565873493540486869e-02
1.676852758599436596e-02
1.451343601983995542e-02
1.672419372573354795e-02
1.360210832430601598e-02
1.328366704036169736e-02
1.468992750108668102e-02
1.382476576207937631e-02
1.377743266803846400e-02
1.630677434680952165e-02
1.049447038219517535e-02
1.666365238145984737e-02
1.204506263906619627e-02
1.338584405066099020e-02
1.565795226360308309e-02
1.374013443106763752e-02
1.128286851302829491e-02
1.601980174184971378e-02
1.520812726138320858e-02
2.042147001991788391e-02
1.547905648064575555e-02
1.508329953777423973e-02
1.284335991833989062e-02
1.247189888084525647e-02
1.449850288717274491e-02
1.467919776971317314e-02
1.508006411652234799e-02
1.352103648549233574e-02
9.995686361471856074e-03
1.485495083876326242e-02
1.558396154672489660e-02
1.535491458580799835e-02
1.182550314901003631e-02
1.382517448013461693e-02
1.215523405211895759e-02
1.299530918540652696e-02
1.378606441447029554e-02
1.137588193666378214e-02
1.857739032212710542e-02
1.168135837025284333e-02
1.357730983583479815e-02
1.481204692812315184e-02
1.270918093757362685e-02
1.594541118428497231e-02
1.439826697934307523e-02
1.535103504557950096e-02
1.403229226258994808e-02
1.296075177538974846e-02
1.419684181725561906e-02
1.303052710625517661e-02
1.404135113222475077e-02
1.576675662745418219e-02
1.765539653769088169e-02
1.405251140206572290e-02
1.390984810569259600e-02
1.382937093115148459e-02
