1.084545553470967968e-02
1.044950484550988788e-02
1.289261742557816157e-02
1.364890593836312442e-02
8.198184232464848439e-03
1.348894110747782780e-02
1.646765351536976993e-02
1.514928120420190594e-02
1.600732556136084256e-02
1.492502622516489116e-02
1.835342125793791232e-02
1.207461728389689140e-02
1.519964314194594684e-02
1.231730847477358927e-02
1.489778407612640451e-02
1.508361929995796942e-02
1.236584877391338697e-02
1.287380138910768773e-02
1.473928901674536815e-02
1.511239872178715520e-02
1.245516661539513258e-02
1.680123195973439246e-02
1.441179481775972486e-02
1.425493997097747843e-02
1.398304000841585522e-02
1.632845330977577072e-02
1.542723806920300381e-02
1.295667463070343008e-02
1.529416278189340943e-02
1.494628964974399274e-02
1.390736064727483151e-02
1.473939635509176685e-02
1.178823776924997971e-02
1.062857272830539448e-02
1.493123889208568429e-02
1.471360076070704626e-02
1.772406446949422593e-02
1.557420930665995643e-02
1.682763117953815432e-02
1.254237756856041441e-02
1.647604283102416939e-02
1.214846297157389475e-02
1.504243258992175175e-02
1.281056821913606480e-02
1.502112916108705280e-02
1.292446066996055277e-02
1.263013032071436635e-02
1.064072096036123780e-02
1.379858487564389509e-02
1.170498099007239758e-02
1.209308050176226453e-02
1.393387446098045060e-02
1.593208573799232905e-02
1.467440271990434232e-02
1.421954798028839638e-02
1.733196169425697819e-02
1.312036820861076092e-02
1.186145362823560513e-02
1.620226506358571003e-02
1.628878573472556171e-02
1.289328146301637994e-02
1.714315424163831078e-02
1.129478608504679536e-02
1.819695347117192274e-02
1.957119369312850313e-02
1.239809539181602888e-02
1.752598618871220940e-02
1.443055975953241692e-02
1.767021202910039682e-02
1.469412984003637228e-02
