1.245789235924197463e-02
1.480339396419963829e-02
1.126429642481907925e-02
1.515467113820671494e-02
1.423855500636305067e-02
1.095574610980076108e-02
1.241160972470440813e-02
1.621013807557867420e-02
1.342508264730029460e-02
1.430288507690159056e-02
1.651347073555804387e-02
1.353302454029624811e-02
1.334868731625021149e-02
1.267666740729130222e-02
1.304004971863426815e-02
1.141620796084941158e-02
1.373154547674126230e-02
1.355992917342369389e-02
1.368805120486092479e-02
1.076234872071605599e-02
1.293654630016274204e-02
1.220269239431234429e-02
1.620661449275666299e-02
1.351497705389719493e-02
1.427604639086076620e-02
1.591583471696969218e-02
1.278798831411851779e-02
1.517555270110809533e-02
1.575638482286004227e-02
1.071954506255787080e-02
1.632536438292043340e-02
1.684234792829040692e-02
1.580022670736895216e-02
1.136064226212328727e-02
1.183565684392759790e-02
2.228232101839767651e-02
1.385815249772973275e-02
1.707979830298102936e-02
1.668610602858955697e-02
1.284973453576786565e-02
1.497607194508433597e-02
8.394489612000078857e-03
1.220782918174477018e-02
1.204544961305934955e-02
1.328322463873664837e-02
1.735952688557679605e-02
1.225787172681861922e-02
1.231016920020019945e-02
2.119591166472368712e-02
1.307417763795526433e-02
1.292489030658598541e-02
1.102330428428107897e-02
1.327635690971814587e-02
1.361231447928317080e-02
1.245897999177503039e-02
1.958074260632996014e-02
1.816064594574528027e-02
1.877472125379665846e-02
1.206301709757951444e-02
1.235143530868554156e-02
1.668257696488414585e-02
1.620472449137354276e-02
1.427133786632828021e-02
1.448302884346542967e-02
1.273717598346061838e-02
1.571740514220081389e-02
1.923527433626528310e-02
1.333209833941938552e-02
2.067141422776739776e-02
1.342704797571669939e-02
