1.754123334874348183e-02
1.367500980325352979e-02
1.478922312240890831e-02
1.210322765018698003e-02
1.292355916838259199e-02
1.630915727357652376e-02
1.323909412212327143e-02
1.746757121433036367e-02
1.958790357184693118e-02
1.208522421655707293e-02
1.240350775947367083e-02
1.474931185486406081e-02
1.513043714937931973e-02
1.233559862351288512e-02
1.405091584255931461e-02
1.448889336245247350e-02
1.565698467800544572e-02
1.512853055210264253e-02
1.785293910261785341e-02
1.131665400475683099e-02
1.453284261598089717e-02
1.659985015984800222e-02
1.288912749113031546e-02
1.536748398807893413e-02
1.729818425033792864e-02
9.656872850030208053e-03
1.561891916345658354e-02
1.538035029626164292e-02
1.579589431356284712e-02
1.119217388317519414e-02
1.458998851002601613e-02
1.317928285623409627e-02
1.463581054458611315e-02
1.456130366416547722e-02
1.550091532478245493e-02
1.090528813606959219e-02
1.688475096897637182e-02
1.597047407020292173e-02
1.762582747396634550e-02
1.460428714285208485e-02
1.319812460127626867e-02
1.566432004961060970e-02
1.199540286737412094e-02
1.375052989082422954e-02
1.596120894802186344e-02
1.134190822619640313e-02
1.516983111443574728e-02
1.474211956527523779e-02
1.264554463514977120e-02
1.699218949673994908e-02
1.152340646736729930e-02
1.392401037355620735e-02
1.359069515381295355e-02
1.556263100913272447e-02
1.491884253809424091e-02
1.219620172895777115e-02
1.286875583834289766e-02
1.211474905899012286e-02
1.260159735217371638e-02
1.524761220013993480e-02
1.617267686380473302e-02
1.234407284398788933e-02
1.881045549661650162e-02
1.640327908585008723e-02
1.383971771713347378e-02
9.812775114810167593e-03
1.157922652646677271e-02
1.552136309637983276e-02
1.129800452250177140e-02
1.258414349211845265e-02
