1.325697204905599766e-02
1.437931697347433029e-02
1.000174598749063552e-02
1.132023041461784063e-02
1.076743933704820723e-02
1.550399510868121986e-02
1.698140035538838952e-02
1.528584017949914491e-02
1.240121406130964034e-02
1.444290670084547555e-02
8.226293048424839632e-03
1.450242672756795088e-02
9.032837706693256155e-03
2.138986573624577364e-02
1.354921623752418716e-02
1.191812926582248335e-02
1.304568363098785808e-02
1.609057702962797889e-02
1.567939494389917338e-02
1.425846091008274585e-02
1.581431591286202795e-02
1.150591734683177603e-02
1.144606920074108664e-02
1.647154110942802147e-02
1.316150987657893449e-02
1.296397708231769759e-02
1.671237591021949506e-02
1.192614359469479184e-02
1.562465352588912788e-02
1.195454449941644667e-02
1.521247284663474440e-02
1.139217446605139163e-02
2.067774098844530131e-02
1.276385965657319925e-02
1.647221625847181820e-02
1.459428330390560163e-02
1.696304578801230423e-02
1.494499700365119373e-02
1.451469980031693495e-02
1.277095595142307451e-02
1.638486591186600477e-02
1.505961818958319147e-02
1.859252818144154634e-02
1.224051528131157515e-02
1.525697766309577243e-02
1.665092778750562261e-02
1.759345778931622334e-02
2.354544742323934695e-02
1.205411347597856384e-02
1.424466754616067476e-02
1.695457986376349563e-02
1.412773258432178068e-02
1.138594158640820857e-02
1.352439258426739628e-02
1.495638207704553212e-02
1.648689705945152739e-02
1.459617592523745899e-02
1.602299734115800872e-02
1.354387613181569187e-02
1.155040087692171293e-02
1.332396787835092057e-02
1.313019039428850628e-02
1.391839497946245445e-02
9.062002408849662016e-03
1.399319724501020025e-02
1.770075417142753099e-02
1.554031646849859255e-02
1.076353867956543996e-02
1.393493777593100315e-02
1.393876419197412168e-02
