1.620619769287087036e-02
1.122979794788143450e-02
1.315288497387502240e-02
1.554997340709940098e-02
1.186655105937916774e-02
1.884945640870246478e-02
1.214188257806800633e-02
1.209553071995350323e-02
1.253063824080494562e-02
1.422877184202219272e-02
1.330695470250237156e-02
1.604975991699089666e-02
1.402178040730433194e-02
1.541275497939977555e-02
1.217993030519876757e-02
1.244784948808027626e-02
1.704347601878927407e-02
1.890262611930266026e-02
1.501151463078056851e-02
1.725059277506477487e-02
1.258804647862586147e-02
1.029115533771308641e-02
1.861935884738414801e-02
1.259068512799528181e-02
1.431390574118227010e-02
1.356470432153619211e-02
1.070400840608422277e-02
1.093628083358865431e-02
1.600286447558738750e-02
1.536235980803044715e-02
1.434059260926918815e-02
1.300748779263272842e-02
1.819461712415687549e-02
1.663505908380371115e-02
1.223370330017870856e-02
1.515835777589420556e-02
1.622685564913855030e-02
1.484605913643965991e-02
1.588621221547573473e-02
1.249694574935752284e-02
1.302678703068627271e-02
1.136108596239921407e-02
1.618379281941934381e-02
1.366624087444490328e-02
1.543503872234201595e-02
1.315802318283802903e-02
1.367574797229694286e-02
1.224570284884211879e-02
1.386223844271029793e-02
1.282511980084097107e-02
1.763599780904382894e-02
1.460925422878111765e-02
1.407246531101570206e-02
1.262350749815926987e-02
1.153566233712258367e-02
1.323301824689603057e-02
1.410092637708022616e-02
1.541279917616230656e-02
1.631374073969252270e-02
1.501414879156637121e-02
1.317402967884172618e-02
1.206967030567976384e-02
1.390110120662644763e-02
1.207548461747535475e-02
1.753751749989077360e-02
1.255222238644265395e-02
1.357466563584344005e-02
1.115370967562896720e-02
2.034635934275625876e-02
2.014575745032939208e-02
