1.075601419373273075e-02
1.221330342720857408e-02
1.074986700638999419e-02
1.424921236219012406e-02
1.455261364484658655e-02
1.122417507831338299e-02
1.728199913810577609e-02
1.772656734465520578e-02
1.197171280025949129e-02
1.631018838185994274e-02
1.298590367130404537e-02
1.309901120525539669e-02
1.073294101804061866e-02
1.472910413224257954e-02
1.504561452193915912e-02
1.431307868140526025e-02
1.476350628492838560e-02
1.295048015971870907e-02
1.961784514665972784e-02
1.570761793036198548e-02
1.592450359544222982e-02
1.358916536185736032e-02
1.286311733820575710e-02
1.108422263419443776e-02
1.648503776639184681e-02
1.104296145367032918e-02
1.833897091926187106e-02
1.954444029417673825e-02
1.565580812843208464e-02
1.403193011143865840e-02
1.481352174402846694e-02
1.586950306198821672e-02
1.958921963365057792e-02
1.906917857822708340e-02
1.548662735332444543e-02
1.332232853054052431e-02
1.297883583117659390e-02
1.464232437903137916e-02
1.812615959736751936e-02
1.263870103455751528e-02
1.009621313423964342e-02
1.085648932870600554e-02
1.516277428205739866e-02
1.720599291401625486e-02
1.769080046884065338e-02
1.179346376424483811e-02
1.206551827000414655e-02
9.193863575656104417e-03
9.908756669019956956e-03
1.589606050201454804e-02
1.268946849953403108e-02
1.411327270417132330e-02
1.271721628491369847e-02
1.508159650520359864e-02
1.659777385346385137e-02
1.503920487170991652e-02
1.430267024043405284e-02
1.449518169759122718e-02
1.362119897468345130e-02
1.258345433536701627e-02
1.139747082705639888e-02
1.059376612311101890e-02
1.510918653335962918e-02
1.475251961069760226e-02
1.392214737016147369e-02
1.592541962749291148e-02
1.131609364804990817e-02
1.194817328008238033e-02
2.122912811771808517e-02
1.661781051001782680e-02
