1.634346549659974890e-02
1.334873374964520507e-02
1.480982937873678330e-02
1.149949123879942872e-02
1.185998212472929962e-02
1.076662673761984330e-02
1.319658579262391468e-02
1.231130412943745762e-02
1.655920947093816875e-02
1.405794773648861781e-02
1.765865555074607601e-02
1.445603108228874639e-02
1.935903366950133056e-02
1.215153590787839723e-02
1.093965725745347020e-02
1.562532621928541463e-02
1.755296528414808030e-02
1.841548180764632919e-02
1.271806795509339456e-02
1.102794668309465403e-02
1.530003533267984203e-02
1.360462540687946975e-02
1.280582352247215151e-02
1.210025058088001759e-02
1.368620254239727788e-02
1.082229809802824801e-02
1.433780617627770752e-02
1.451809960131232070e-02
2.106098021177684604e-02
1.370465096131225601e-02
1.328848471075558778e-02
1.460205055220378280e-02
1.764911881597503937e-02
1.217467968267489827e-02
1.478712748459961451e-02
1.002980402219563229e-02
1.514347672747851613e-02
1.728593185068901320e-02
1.686500742360122138e-02
1.896863923687899106e-02
1.104621109913486547e-02
1.594705057351982272e-02
1.348933391083974309e-02
1.276577589393116351e-02
1.468334689924088478e-02
1.207690723524182386e-02
1.318061643364334089e-02
1.629015319651047969e-02
1.175657057992417903e-02
1.098534207917005977e-02
1.252206112161217619e-02
1.505846970023755338e-02
1.298139638060170908e-02
1.546562129128858758e-02
1.724476980805374204e-02
1.707758613857690913e-02
1.192652135464722027e-02
1.354076890649915342e-02
1.447596040796008711e-02
1.242298857920430544e-02
1.490432691493042729e-02
1.402447081903508697e-02
1.454514372201019812e-02
1.167677917358359886e-02
2.187731124359431831e-02
1.418916772595891357e-02
1.317796818966396853e-02
1.435682740096471711e-02
1.525359522998893241e-02
1.366398777660914228e-02
