1.418602716387429123e-02
1.254208319504471376e-02
1.067733203324109682e-02
1.484555316279135423e-02
1.738528536301752955e-02
1.461378182140585583e-02
1.313204221619625189e-02
1.114128416338607853e-02
1.629309945426050260e-02
1.204241502132776670e-02
1.383849727040911345e-02
1.364621554336706809e-02
1.633852593182804833e-02
1.130271159589351510e-02
1.278840045575646567e-02
1.344616492015730802e-02
1.430818046050306470e-02
1.249910133094311177e-02
1.662277023031608070e-02
1.363253368341527279e-02
1.527654432646611583e-02
1.474184180706037545e-02
1.666176678074745773e-02
1.078293524486164355e-02
1.687805971504081209e-02
1.337395260851719642e-02
1.375168491935577393e-02
1.493312786299887292e-02
1.290806981343314321e-02
1.178572779718980480e-02
2.104650952385864540e-02
1.713122368997623685e-02
1.289678100317097689e-02
1.353638576517900843e-02
1.602290184974221321e-02
1.754848878049172084e-02
9.497937848991744661e-03
1.720272597491621230e-02
1.083805950345438467e-02
1.359414679590457628e-02
1.575385683653608357e-02
1.225831396096073965e-02
1.482955540829120934e-02
1.665310365583409780e-02
1.349784803097850254e-02
1.306047397045005491e-02
1.157817916206202100e-02
1.429530662459565019e-02
1.841394157235854909e-02
1.699780139620603661e-02
1.447517850290158149e-02
1.292412335781976084e-02
1.286471245497889000e-02
1.557312876723570758e-02
1.718678347430221270e-02
1.723806285383781486e-02
1.564607682552173265e-02
1.604341406348526108e-02
1.317851161775251967e-02
1.086274140446604614e-02
1.602691568318762028e-02
1.311615515090759111e-02
1.517547125489119436e-02
1.307287608615052485e-02
1.491836604200281503e-02
1.417043642532476826e-02
1.199721021597792599e-02
1.517985331360028299e-02
1.317137590556066024e-02
1.414934935333066017e-02
