1.540606656812603878e-02
1.328817535448473773e-02
1.405809089138686067e-02
1.325166727261992486e-02
9.242754569655233302e-03
1.441515153729874647e-02
1.614143357841206147e-02
1.298099047422793077e-02
1.229694763339323101e-02
1.473761674986607574e-02
1.493961448529002381e-02
1.229182747893872024e-02
1.767139143845041296e-02
1.423062056716024176e-02
1.620804536263970377e-02
1.432228906674552944e-02
1.852873404062634413e-02
1.495277609802397011e-02
1.823813556893763219e-02
1.012748941233513299e-02
1.458803944641987559e-02
1.318286407750247392e-02
1.215707528654042316e-02
9.315688777614468397e-03
1.540613917836120353e-02
1.713385067300040795e-02
1.458217618134977252e-02
1.232291918692666674e-02
1.387205664384660170e-02
1.325239512183531455e-02
1.551021271327251115e-02
1.114781990807956792e-02
1.008441314486702677e-02
1.253603699784620017e-02
1.355417435993626178e-02
1.476675073692165427e-02
1.641568836893043601e-02
1.336146551374456370e-02
1.488378769387524621e-02
1.990674095934130347e-02
1.174568685426687770e-02
1.394184343536309864e-02
1.527797634545928138e-02
1.560430142687907473e-02
1.628462231111288752e-02
1.498605288316308230e-02
1.650549880618406781e-02
1.593426323895912738e-02
1.360933635720515053e-02
1.677194805005463238e-02
1.598160552951306823e-02
1.658525856202711438e-02
1.098763512994670871e-02
1.863404116813642195e-02
1.453276271241868423e-02
1.495380539940365829e-02
1.334195060728844522e-02
1.279171052882376383e-02
1.464741832070511757e-02
1.564085203907566307e-02
1.291249304205967403e-02
1.671885060769034981e-02
1.421423182931687811e-02
1.374661994507772947e-02
1.260888910299872399e-02
1.359094217845337703e-02
1.155393455317884309e-02
1.663636906716218708e-02
1.251233227551312027e-02
1.143665457373271854e-02
