1.406196997017397643e-02
1.493052880452757844e-02
1.097690010624056446e-02
1.149060932350892857e-02
1.305682659255709074e-02
1.522170632447803797e-02
1.593909089767584636e-02
1.730508174212947239e-02
1.196199059256894751e-02
1.849504272374864755e-02
1.642355504381941625e-02
1.353897638954407699e-02
1.284044143849082976e-02
1.727121184291159975e-02
1.061308858676241265e-02
1.477276309326228283e-02
1.372826189949816374e-02
1.122499811306287495e-02
1.325383936296273442e-02
1.230844593823523202e-02
1.321143390933864417e-02
1.542335495904592971e-02
1.488909719321558113e-02
1.427524303076344904e-02
1.345426207471560852e-02
1.212302035172510908e-02
1.694781684289215981e-02
1.452353691316802392e-02
1.273224143169290543e-02
1.367195810938471451e-02
1.491927035747965362e-02
1.835061116208498710e-02
1.180280755558221067e-02
1.034237383709499421e-02
1.798063875430305075e-02
1.619200134103210634e-02
1.510066439244259553e-02
1.398631822506848053e-02
1.189065088342465548e-02
1.438535412775155016e-02
1.457437522069161308e-02
1.609774419093761358e-02
1.405317227666894042e-02
1.182318282915746296e-02
1.432115877007835748e-02
1.295189256312179182e-02
1.621363462895238430e-02
1.338742055072508243e-02
1.856309176512285775e-02
1.687043996086299083e-02
1.352343970607934077e-02
1.401265258811312635e-02
9.316836007555354127e-03
1.734716750084381795e-02
1.549209420034654804e-02
1.438581642728541804e-02
1.769090835812221069e-02
1.182338357867886332e-02
1.382706637681703661e-02
1.470651945727292041e-02
1.530400633179999220e-02
1.561901076864522994e-02
1.493067728129079258e-02
1.585788656632071761e-02
1.401407161032308668e-02
1.255569353587873693e-02
1.282372141321814173e-02
1.482103547281537689e-02
1.601906216546216885e-02
1.145485365844650660e-02
