1.218673045211207846e-02
1.174432103489795286e-02
1.206036700130417791e-02
1.446351129828849467e-02
1.143739909082669426e-02
1.379316633703356158e-02
1.613857445662170501e-02
1.627655246086745500e-02
1.567426822176641588e-02
1.349817485112150481e-02
1.523372438521650857e-02
1.542020437366812755e-02
1.508300527850063924e-02
1.745093539515766082e-02
1.134567322293649795e-02
1.940678601653576113e-02
1.206870041514316455e-02
1.596801768352985873e-02
1.672911040614162570e-02
1.385117447863215556e-02
1.030637657490034685e-02
1.700696028897487333e-02
1.517168539208901649e-02
1.338085737979551396e-02
1.316634033769219572e-02
1.337100327923740339e-02
1.572533910775957694e-02
1.219906001883395465e-02
1.559263908610826997e-02
1.284223275722116628e-02
1.287410794660168861e-02
1.741887857044705640e-02
1.715083394908857931e-02
1.148047889342922005e-02
1.358091880197662832e-02
1.385658870222884927e-02
1.332122052898094232e-02
1.329096237230241451e-02
8.783497612069347815e-03
1.603929312029661602e-02
1.498496404472014244e-02
1.519467594247130016e-02
1.542230092527844057e-02
1.629224779917548202e-02
1.529758140722359619e-02
1.443405324126483154e-02
1.360002870868179392e-02
1.485877766410945849e-02
1.508585719561045431e-02
1.606734150731182684e-02
1.864978296194405930e-02
1.572652243177939668e-02
1.319738498209703861e-02
1.392103555031022101e-02
1.095795694508204000e-02
1.519491026440351888e-02
1.179399382026246126e-02
1.606625119090377904e-02
1.336012705271997884e-02
1.212832826450300876e-02
1.575384029735668601e-02
1.299993313374535331e-02
1.353644388055944871e-02
1.522153494347714721e-02
1.378967346700070776e-02
1.243640515899083199e-02
1.546447199731276409e-02
1.225803879611213343e-02
1.177748237142887608e-02
1.813838247382770774e-02
