1.129838815629708067e-02
1.295036515151448339e-02
1.573465096942514019e-02
1.369115122095419974e-02
2.066857381254348994e-02
1.123781522184110100e-02
1.469046218529529609e-02
1.225568282002075307e-02
1.732992332668466251e-02
1.643677041124029514e-02
1.569415359552110006e-02
1.196054808768244083e-02
1.244736141576193063e-02
1.644917184556684772e-02
1.341732520997646061e-02
1.448025537707868168e-02
1.672933173703199800e-02
1.461923496278864920e-02
1.268620944877087847e-02
1.354234030447685512e-02
1.463564825262136590e-02
1.326322980381808465e-02
1.242725824878910569e-02
1.453170325173244043e-02
1.114010207769108515e-02
1.789643341450325095e-02
1.261519502196443640e-02
1.579802610858399917e-02
1.406572291958854345e-02
1.370337133547441279e-02
1.239181316207989617e-02
1.356143099973431548e-02
1.572547507731830371e-02
1.420648757938477655e-02
1.145754262623707893e-02
1.170872376763837028e-02
1.652960658258322696e-02
1.540933224052998957e-02
1.447375172258212953e-02
1.472930104338227367e-02
1.254200731361464552e-02
1.322281997709468838e-02
1.546689021247909038e-02
1.024548173524748515e-02
1.613230675031495850e-02
1.340799665745005115e-02
1.361003159894112746e-02
1.292310334920059728e-02
1.529895072467032067e-02
1.918791478272506221e-02
1.531724003673664430e-02
1.371313147216844837e-02
1.292355678575329327e-02
1.854521653327002861e-02
1.324889238071470278e-02
1.441348790610153668e-02
1.451469035403643755e-02
1.505155512524675339e-02
1.596229858181768060e-02
1.558635432978314542e-02
1.299219468219705437e-02
1.631185964889531742e-02
1.302260244141515040e-02
1.163189219430051796e-02
1.690120836393792583e-02
1.410497806522905545e-02
1.364244067569834150e-02
1.272238443201457493e-02
1.569735505997032696e-02
1.306928733226573984e-02
