1.383804255535775116e-02
1.152692638181931385e-02
1.022998400469089797e-02
1.285785585354955012e-02
1.452346465385977517e-02
1.835838247796250586e-02
9.896619657229533545e-03
1.026143199905849186e-02
1.146800754024259773e-02
1.558002584589391649e-02
1.562173157388480754e-02
1.427148971112070751e-02
1.727039836406376108e-02
1.267099258885660482e-02
1.697820215468574118e-02
1.007653494252658613e-02
1.508013369907693427e-02
1.043771464520320581e-02
1.764492805881041557e-02
1.751373948138898462e-02
1.383815349451708761e-02
1.958266017080246071e-02
1.366038457733286665e-02
1.165087225605198305e-02
1.158321645485616350e-02
1.114666483131898818e-02
1.185462138146528566e-02
1.542577690428909541e-02
1.228431793541441379e-02
1.883275848822015680e-02
1.038138582894104767e-02
1.131146687241938072e-02
1.290559339362998617e-02
1.700712481412751040e-02
1.174783744934980272e-02
1.087765157617661890e-02
1.637011551084032943e-02
1.368663265621059867e-02
1.650568965541093086e-02
1.473078239368429826e-02
1.299854960727628468e-02
1.786503423588279085e-02
1.661284094577003892e-02
1.533565827493175646e-02
1.549895840979789371e-02
1.503063037866744951e-02
1.150378929321807693e-02
1.316281845172180380e-02
1.618801891719551592e-02
1.486240624326700017e-02
1.308705381477910309e-02
1.200433838930055341e-02
1.392074213416216386e-02
1.782741536264490292e-02
1.554881151280984933e-02
1.498392483166364857e-02
1.296527580536826520e-02
1.559109621567341016e-02
1.227666076251338924e-02
1.282510618522706043e-02
1.424418361403635355e-02
1.316990898494087292e-02
1.854002252134860987e-02
1.674009146469072548e-02
2.104147505809953259e-02
1.565099198712635933e-02
1.355836116740866647e-02
1.546397415619267177e-02
1.246860528547022104e-02
1.754294315447432057e-02
