1.775548726185862888e-02
1.760127576306772315e-02
1.239255132661643694e-02
1.317876442919463029e-02
1.387464393378366745e-02
1.100202714309628065e-02
1.143751533698127328e-02
2.159820303765016061e-02
1.232280108523531315e-02
1.865085763894073698e-02
1.435788283224180215e-02
1.234172262413138835e-02
1.285844691298830555e-02
1.563995121473283137e-02
1.458546169371060380e-02
1.233238844720560730e-02
1.447272171527919267e-02
1.279065042405061470e-02
1.602265434307970082e-02
1.462309156766557379e-02
1.323177493325309977e-02
1.637469188204522530e-02
1.438917213666539990e-02
1.582176603586496130e-02
1.283660734819591642e-02
1.688669616590647918e-02
1.278247249151801337e-02
1.286718921169962247e-02
1.262405660442559446e-02
1.319983102127862858e-02
1.123217916485560325e-02
1.303864887114968354e-02
1.467669441345584302e-02
1.450364195968469397e-02
1.475192005511807500e-02
1.158855489339762242e-02
1.517942603876793958e-02
1.570408590300522919e-02
1.383595967400933456e-02
1.101248194198251561e-02
1.883130624558478072e-02
1.465013665174131653e-02
1.515013038477144684e-02
1.324033064983322523e-02
1.720824188488627102e-02
1.206473925562354110e-02
1.154427978995969939e-02
1.445960085494253818e-02
1.209406055940108644e-02
1.399457076586452589e-02
1.167932000184820560e-02
1.425466845019793607e-02
1.482335709503373837e-02
1.566443649242647840e-02
1.597146790240566022e-02
1.671961109342254628e-02
1.219274342756447582e-02
1.632672733071501361e-02
1.643730810123686381e-02
1.262038296082718461e-02
1.434843490632987592e-02
1.120119070034597368e-02
1.222331714649039017e-02
1.425308817445851590e-02
1.557540516829334330e-02
1.698566477914001741e-02
1.495535148082719791e-02
1.186328130726622618e-02
1.492293211853327334e-02
1.736696484223848938e-02
