1.620181821397519151e-02
1.150889977300320610e-02
1.444643787801087528e-02
1.583533744841090010e-02
1.291242343514564621e-02
1.546802693187911137e-02
1.253278975014762361e-02
2.227464876160462764e-02
1.058372909279124523e-02
1.693793487202838871e-02
2.341042026474877968e-02
9.271983132234084060e-03
1.131879064317031260e-02
1.431869379635720106e-02
1.072918701821594552e-02
1.972750845618375173e-02
1.908492597166306162e-02
9.503223620867050359e-03
1.208575549948640721e-02
1.146275214658682394e-02
1.699956987911109552e-02
1.263913841163511256e-02
1.222709679443502277e-02
1.741499156057517428e-02
1.310565055458651380e-02
1.877179448469603121e-02
1.097681262868501102e-02
9.528235143822691086e-03
1.439503126878890864e-02
1.742678090676513109e-02
9.141908647541394442e-03
1.215946694857119627e-02
8.979909083620099888e-03
1.639512466178406555e-02
1.133420443642790126e-02
2.060495006587239816e-02
1.344075746183224888e-02
1.473787724877618534e-02
1.157547878827867339e-02
1.061876518601304054e-02
1.068323734845857270e-02
1.685886080775838777e-02
2.254991967282075210e-02
1.740380946098634210e-02
1.826209426871975433e-02
8.981039809630478668e-03
1.649721457326014384e-02
1.860782230592463934e-02
1.372949866649891652e-02
2.097694532204320839e-02
1.895036121760970693e-02
1.365528270309910447e-02
1.128084682517190886e-02
1.443987314364338949e-02
8.764362167342635776e-03
9.955309721297890199e-03
1.276212945433899751e-02
1.992592917639723557e-02
1.261531946760807536e-02
1.403339894376174138e-02
1.080647543998928574e-02
1.705567076417739344e-02
8.549993129263404323e-03
1.509302079355821259e-02
8.738339581989796115e-03
1.509690199291817761e-02
1.774419710039828318e-02
1.116591073413220232e-02
1.951464616355299761e-02
1.321275837532044466e-02
