1.631127465545973571e-02
1.588319445422161497e-02
1.487792241849908263e-02
1.263023432203496180e-02
1.446044021297681996e-02
1.518009414613198660e-02
1.349862218595575605e-02
1.378212393810609310e-02
1.584181564357059133e-02
1.258447687180989233e-02
1.266958618224875086e-02
1.198196621534960288e-02
1.687014196895013363e-02
1.487618899024624811e-02
1.641397952138520799e-02
1.306612587929872026e-02
1.435089004379203927e-02
1.335684274379915493e-02
1.536651208319046030e-02
1.710718720393737680e-02
1.296269672637338603e-02
1.288193659678929168e-02
1.463085979843720651e-02
1.576848742188374439e-02
1.460835340581265358e-02
1.533086064281371022e-02
1.138406939187904671e-02
1.508101074187685395e-02
1.391005901291992621e-02
1.849199433288100172e-02
1.170954144944151391e-02
1.748445510031851335e-02
2.013519032047077911e-02
1.426009099308156100e-02
1.050050317465523776e-02
1.280187652089181428e-02
1.425467914400559838e-02
1.737896636471930947e-02
1.711323160587792727e-02
1.510612220988702056e-02
1.627683210930156582e-02
1.671977954409413492e-02
1.450462412563352857e-02
1.709070066469737387e-02
9.174788599475819373e-03
1.318506302218088073e-02
1.329782280980032483e-02
1.229155207507517250e-02
1.349561814796548277e-02
1.265029204521365448e-02
1.604554981927496307e-02
1.417752222869604270e-02
9.017436307776892715e-03
1.453669212199675161e-02
1.584582673279509232e-02
1.557382959411877758e-02
9.993402486389038608e-03
1.342684507630472271e-02
1.204919155627116878e-02
1.510511733478642205e-02
1.323497582083512682e-02
1.206375681496052281e-02
1.323005036328849318e-02
1.427912412199544567e-02
1.418952281938614182e-02
1.297373112813541077e-02
1.520022618402571205e-02
1.350411840338036455e-02
1.541815603530094156e-02
1.454324727086398969e-02
