1.482534935971222510e-02
1.253151168330590530e-02
1.355619783868153641e-02
1.670919709217745172e-02
1.667859457149335062e-02
1.438189381023191084e-02
1.281369156789048669e-02
1.025196112918031269e-02
1.392460438153944428e-02
1.312694902228368592e-02
1.539063207035496969e-02
1.465599125308916784e-02
1.147393208544496106e-02
1.579960085814541282e-02
1.236836635814182912e-02
1.325011241282124559e-02
1.327924463719545693e-02
1.311811710598807627e-02
1.147433475404744871e-02
1.283600946034400662e-02
1.541747951450708927e-02
1.825317460030723843e-02
1.149263933631019911e-02
1.334135603527267754e-02
2.164465489920214952e-02
1.303759392467237349e-02
1.346174852362312310e-02
1.606652390446366985e-02
1.442715707912820174e-02
1.387664161304502305e-02
1.542536918830222578e-02
1.468389525992124141e-02
1.692212438956316317e-02
1.513143164276131193e-02
1.233903409245482898e-02
1.151383325486739218e-02
1.310322717306353774e-02
1.572123142070953883e-02
1.581257755642781135e-02
1.424212447921234699e-02
1.192923380818630003e-02
1.463313661191914875e-02
1.742756861519335898e-02
1.645690912539613318e-02
1.318815305700903745e-02
1.463757101568058903e-02
1.312085489274575703e-02
1.850704826387457660e-02
1.642236315119291468e-02
1.472459467795354457e-02
1.685973433854402043e-02
1.301558223866682885e-02
1.195253809741855106e-02
1.470618121731342813e-02
9.744395554113074315e-03
1.892708880180949543e-02
1.156297775579603893e-02
1.760185158004897929e-02
1.140320049379841411e-02
1.782162240052368243e-02
1.437842284384230861e-02
1.461246763196344042e-02
1.198048891675977841e-02
1.296563055660845606e-02
1.304598322609854151e-02
1.439152775515352076e-02
1.387805827641843195e-02
1.524301835934507507e-02
1.488178856089837632e-02
1.161989883584364086e-02
