3.500000000000000000e+01
2.700000000000000000e+01
5.800000000000000000e+01
5.800000000000000000e+01
5.800000000000000000e+01
2.700000000000000000e+01
5.800000000000000000e+01
5.800000000000000000e+01
5.800000000000000000e+01
5.800000000000000000e+01
5.800000000000000000e+01
5.800000000000000000e+01
2.700000000000000000e+01
2.700000000000000000e+01
5.800000000000000000e+01
2.500000000000000000e+01
2.500000000000000000e+01
1.600000000000000000e+01
1.600000000000000000e+01
2.500000000000000000e+01
5.000000000000000000e+01
5.000000000000000000e+01
2.500000000000000000e+01
2.500000000000000000e+01
1.600000000000000000e+01
1.600000000000000000e+01
1.600000000000000000e+01
1.600000000000000000e+01
5.000000000000000000e+01
5.000000000000000000e+01
5.700000000000000000e+01
5.700000000000000000e+01
5.700000000000000000e+01
5.700000000000000000e+01
5.700000000000000000e+01
5.700000000000000000e+01
5.700000000000000000e+01
5.700000000000000000e+01
5.700000000000000000e+01
4.900000000000000000e+01
4.900000000000000000e+01
5.700000000000000000e+01
5.700000000000000000e+01
5.700000000000000000e+01
5.700000000000000000e+01
8.000000000000000000e+00
7.000000000000000000e+00
7.000000000000000000e+00
7.000000000000000000e+00
7.000000000000000000e+00
5.700000000000000000e+01
5.700000000000000000e+01
5.700000000000000000e+01
4.900000000000000000e+01
4.900000000000000000e+01
4.900000000000000000e+01
4.900000000000000000e+01
4.900000000000000000e+01
4.900000000000000000e+01
4.900000000000000000e+01
8.000000000000000000e+00
8.000000000000000000e+00
1.000000000000000000e+00
3.200000000000000000e+01
5.700000000000000000e+01
5.900000000000000000e+01
3.000000000000000000e+00
5.700000000000000000e+01
5.700000000000000000e+01
5.900000000000000000e+01
8.000000000000000000e+00
5.700000000000000000e+01
9.000000000000000000e+00
1.000000000000000000e+00
1.000000000000000000e+00
6.200000000000000000e+01
5.400000000000000000e+01
6.200000000000000000e+01
5.900000000000000000e+01
3.600000000000000000e+01
5.400000000000000000e+01
3.600000000000000000e+01
5.900000000000000000e+01
3.500000000000000000e+01
6.200000000000000000e+01
3.600000000000000000e+01
5.400000000000000000e+01
5.400000000000000000e+01
5.900000000000000000e+01
6.200000000000000000e+01
