1.739953328737251989e-02
1.589682525364871646e-02
1.501360634098131662e-02
1.734245095756645205e-02
1.380771660542750440e-02
1.135749750503111007e-02
1.170973133949482214e-02
1.369864661231173265e-02
1.594640023403995008e-02
1.280119651576379011e-02
1.552470125741233983e-02
1.375106063296829481e-02
1.178750744686204825e-02
1.851912112751523745e-02
1.802254560768844216e-02
1.510203080678297963e-02
1.741495468089088866e-02
1.401719735743957827e-02
1.376671465734412639e-02
1.381063007598457189e-02
1.350090530085392565e-02
1.178607089958756682e-02
1.433381594440511289e-02
1.904852555013552759e-02
1.549817179528395483e-02
1.557062929826770296e-02
1.034432447613089188e-02
1.402558771289822738e-02
1.108913196821702599e-02
1.283602746571434888e-02
1.087777122373044525e-02
1.588398338266574020e-02
1.181655535210261732e-02
1.289396931149896369e-02
1.470825017828833979e-02
1.470321545198411371e-02
1.379533871667010594e-02
1.522122328672615224e-02
1.145634889159714495e-02
1.573442930644046792e-02
1.512044891186171795e-02
1.184180975593584172e-02
1.297206280337512112e-02
1.286473014129191697e-02
1.473481502947858110e-02
1.201929955377667794e-02
1.297516615981676204e-02
1.756810373022342497e-02
1.265562661212235075e-02
1.673569169693372993e-02
1.311007619080276770e-02
1.356789210055666002e-02
1.451057911831329233e-02
1.473192199918192322e-02
1.290947662567975412e-02
1.428726977311173436e-02
1.410699776269671267e-02
1.956999380526642032e-02
1.758150165316380367e-02
1.365376335321240829e-02
1.489184915625818215e-02
1.467065260712418009e-02
1.642407863794989251e-02
1.083286404505733394e-02
1.199805469461492739e-02
1.265111529978458355e-02
1.457872267391528351e-02
1.721292079869640723e-02
1.431344183512411709e-02
1.309472965894844902e-02
