1.350742353329062798e-02
1.173818403786573705e-02
1.677103411254319762e-02
1.210028220557195743e-02
1.377710053728632700e-02
1.569849669674962603e-02
1.143909872178579083e-02
1.238921001717322584e-02
1.477325801425095203e-02
1.380318552922566583e-02
1.174903475359930297e-02
1.352374600425285123e-02
1.319057909112009326e-02
1.300465636769560819e-02
1.801316420035883534e-02
1.841179429767339851e-02
1.337876916874189935e-02
1.562129769040022584e-02
1.073364779095689961e-02
1.649210077281363165e-02
1.669858721849388009e-02
1.617012471557102357e-02
1.486498502081585148e-02
1.305183158550225937e-02
1.746520355941556107e-02
1.233605993549533042e-02
1.643872526744407855e-02
1.544824032009642530e-02
1.406357950586657052e-02
1.597847942006686700e-02
1.454751059098633413e-02
1.441252182939876600e-02
1.028638533138032628e-02
1.930408587813146198e-02
1.600860000876830336e-02
1.369999356516694508e-02
1.359499169319349984e-02
1.324069881616012252e-02
1.543841118124917276e-02
1.191173008064060762e-02
1.335394576366719620e-02
1.080580485321950591e-02
1.665339471350555864e-02
1.288063771803486801e-02
1.959637523649480906e-02
1.470906873656831378e-02
1.030801272290153385e-02
1.197782551589666143e-02
1.424228001964596146e-02
1.814436150676624476e-02
1.229537462810810673e-02
1.653869919331701216e-02
1.386540361153705547e-02
1.466427296240247619e-02
1.260164569727042008e-02
1.782602630972936891e-02
1.321354580875446286e-02
1.688774566549086989e-02
1.452001838748082085e-02
1.236160551146788834e-02
1.425035992098933925e-02
1.093462095164593993e-02
1.594585528425304655e-02
1.480927846664929076e-02
1.582337295031685867e-02
1.138322565461560333e-02
1.209239534462199471e-02
1.522583804838431587e-02
1.469291589628668633e-02
1.231928385277837081e-02
