1.431348815618968887e-02
1.037266521211805195e-02
1.205914731209407550e-02
1.341739687594062543e-02
1.187814354722118229e-02
1.441948319804964469e-02
1.601124894554669179e-02
1.692590790950723387e-02
1.187147652678467898e-02
1.471704222765669694e-02
1.450795011825228159e-02
1.431729873785467060e-02
1.344171062341500446e-02
1.618302243035506585e-02
1.332040434602706908e-02
1.313023718662345574e-02
1.178299570690381770e-02
1.236310373251560402e-02
1.708609724269127481e-02
1.048753687072731880e-02
1.476327511390320042e-02
1.677920929743034403e-02
1.326517733383843385e-02
1.259330727305357778e-02
1.461960217834365298e-02
1.448590151257045551e-02
1.604229910891046343e-02
1.572726356426557004e-02
1.627618962706933736e-02
1.351647579406434728e-02
1.256761825918818395e-02
1.123490076642040363e-02
1.541956570613566176e-02
1.628462989833707325e-02
1.871023896059002475e-02
1.458237379896744693e-02
1.574484807350576276e-02
1.579143872971281587e-02
1.836273768048104008e-02
1.443180945451315658e-02
1.383281637734566812e-02
1.000287347305081100e-02
1.445477957517114082e-02
1.323890528084208269e-02
2.016177718383419665e-02
1.720975375176579322e-02
1.180777726219578612e-02
1.687170510581162755e-02
1.198842569970134074e-02
1.327372357780448424e-02
8.371631300098693329e-03
1.529312580653919250e-02
1.730323410384516231e-02
1.488683625488649437e-02
1.363465362902925582e-02
1.618739743253271371e-02
1.468075393957506830e-02
1.178794342160850196e-02
1.533718127692136265e-02
1.299951554555478332e-02
1.559973924308364311e-02
1.456359372955431941e-02
1.169592800400518634e-02
1.279343272277591939e-02
1.488866381158273841e-02
1.279909353359411951e-02
1.298352808331387949e-02
1.470872741360640910e-02
2.068563174197313517e-02
1.215163268062162231e-02
