1.555893048500960225e-02
1.511690596704078939e-02
1.296958052432787244e-02
1.860993056340394872e-02
1.394236790728175385e-02
1.255864438496901922e-02
1.450294564167231744e-02
1.503746628164182204e-02
1.416541439185172065e-02
1.284880813190512547e-02
1.449365482720416445e-02
1.278704742077891796e-02
1.243570488776139446e-02
1.203048986122419797e-02
1.632729637023855318e-02
1.354342842540782327e-02
1.304613542678527242e-02
1.260715092361277233e-02
1.160787313088628044e-02
1.591203632299111395e-02
1.370846932307738519e-02
1.861240137626385752e-02
1.415404284463650693e-02
1.113794704020556331e-02
1.201873270996360078e-02
1.228758611824319613e-02
1.345545994281631061e-02
1.681373560082697130e-02
1.874825588876445626e-02
1.493716003040207289e-02
1.364273767113635509e-02
1.170458343655960895e-02
1.492552536645366801e-02
1.607597045904369734e-02
1.537976119886268374e-02
1.209155760404590461e-02
1.157815864601704353e-02
1.101932430218915959e-02
1.588750926118488727e-02
1.181785072818236464e-02
1.535627358839354931e-02
1.540870078170045177e-02
1.380191629430477414e-02
1.710984913444387259e-02
1.747245307049444599e-02
1.298246665301598830e-02
1.933038045843944383e-02
1.157056399588651460e-02
1.123842725533619885e-02
1.558615915894787617e-02
1.452761383636761924e-02
1.282036246501993583e-02
1.258785702503210750e-02
1.415290038720786597e-02
1.407059193139856106e-02
1.778232945868670964e-02
1.592820799404421131e-02
1.630153398172470153e-02
1.279970890804835865e-02
1.547020703453736226e-02
1.397230946378585914e-02
1.465378523541163540e-02
1.496576404777151016e-02
1.351663013421839851e-02
1.442319352374044419e-02
1.447226705858404086e-02
1.563280100103403569e-02
1.494421912426389595e-02
1.213000206142860089e-02
1.489194351186118662e-02
