1.231238427459058725e-02
1.680959187856801915e-02
1.411273880677093098e-02
1.457751345890948361e-02
1.062617488281221434e-02
1.766079444824113567e-02
1.521239174591416596e-02
1.625378130938844728e-02
1.275378005172469673e-02
1.468596712267736422e-02
1.351229044852889430e-02
1.812885635667753001e-02
1.195594049779544372e-02
1.208186371171823988e-02
1.191849030473056230e-02
1.289714972257762805e-02
1.572920136135389987e-02
1.301168976173792437e-02
1.390823045221424234e-02
1.225083947424604643e-02
1.389363221095164629e-02
1.478400235653645235e-02
1.611728442444809728e-02
1.463977710989968969e-02
1.656396238583513272e-02
1.167166125255343634e-02
1.800971341829090897e-02
1.529264733688511478e-02
1.028739754902123146e-02
1.517679851259573498e-02
9.812170205088715375e-03
1.156573806930045675e-02
1.485395559710814967e-02
1.654805733298366291e-02
1.609329483599630448e-02
1.930472959514839895e-02
1.466218877846953497e-02
1.393141579300927538e-02
1.100541211101902124e-02
1.287235143529536809e-02
1.474677503575461644e-02
1.737170116366365188e-02
1.219102403444796354e-02
1.498973294840542925e-02
1.364168772409119108e-02
1.251605093840417286e-02
1.727875122325507606e-02
1.777315730812075931e-02
1.429052602953609710e-02
1.236185509457665525e-02
1.768312337483564367e-02
1.365965301339842029e-02
1.328587677858423209e-02
1.118611905457636557e-02
1.544084754061540894e-02
1.734391931273233239e-02
1.523431370230952930e-02
1.354626287214836730e-02
1.546553039312306005e-02
1.156129634523054596e-02
1.499978979636917842e-02
1.648945183575741338e-02
1.474713087249746382e-02
1.489343566074053174e-02
1.234904827322933288e-02
1.411287133392472894e-02
1.175758125131695121e-02
1.328550504338346303e-02
1.205392956225451694e-02
1.625719210110298033e-02
