1.156909252679340187e-02
1.936092106781438227e-02
1.559467755958542264e-02
1.578083762345832905e-02
1.562520943379226007e-02
1.427147368650941682e-02
1.667810837418480865e-02
1.464308022824408438e-02
1.589200788262108352e-02
1.752562589351602459e-02
1.359540942041040368e-02
1.549204482706774237e-02
1.668045571609455893e-02
1.392759858567725606e-02
1.103116997605152125e-02
1.260393285035672946e-02
1.505281228321165600e-02
1.304242170403083038e-02
1.190135614699863210e-02
1.422132415490200835e-02
1.354814521085038158e-02
1.327279422479090906e-02
1.194329733370813433e-02
1.503940897586814214e-02
1.816458097901328672e-02
1.575487422629792689e-02
1.870865786261305050e-02
1.423317706202848788e-02
1.201175172592921538e-02
1.122413467492727052e-02
1.495491208371099896e-02
1.036948003805976577e-02
1.148742335098498768e-02
1.144030747377079715e-02
1.987656571007859196e-02
1.230784914683148365e-02
1.201905428722262713e-02
1.055311307989885081e-02
1.188683527334735701e-02
1.352413377595323117e-02
1.402361611124661352e-02
1.337318357899331539e-02
1.241004053296033971e-02
1.274677388502190936e-02
1.464638076183981570e-02
1.507906691028738227e-02
1.490990592869369247e-02
1.298778508714725985e-02
1.497671578814046937e-02
1.246040823959426377e-02
1.718007780264383874e-02
1.204917368038020686e-02
1.915696755032759643e-02
1.484574388389566652e-02
1.297873971823194569e-02
1.538885518636463889e-02
1.008590667695050819e-02
2.133485180161469666e-02
1.537136272260126134e-02
1.514962568836903702e-02
1.338522231923207871e-02
1.406366561553743302e-02
1.333906052014979804e-02
2.218871105302713809e-02
1.268448592772346631e-02
1.474792666320568456e-02
1.284111984827923485e-02
1.522841601177124873e-02
1.275492647253328136e-02
1.080122759602988869e-02
