1.671861911333032136e-02
1.501780543128750263e-02
1.368047997543222691e-02
1.695196786857587970e-02
1.069041321539574395e-02
1.166451378365003511e-02
1.232293731949994815e-02
1.754297584529928775e-02
1.488296233784145405e-02
1.329318348813017699e-02
1.483582520216928172e-02
1.192221859609649166e-02
1.019645802475180676e-02
2.087766688133060183e-02
1.187248284907487655e-02
1.227699392735623861e-02
1.574635845630001710e-02
1.215269458817067570e-02
1.572805680139585313e-02
1.192995071970903362e-02
1.343911809319824242e-02
1.542453049537732650e-02
1.409490203944464316e-02
1.754987891182991505e-02
1.347530090004001556e-02
1.779161236071870669e-02
1.384938906432463604e-02
1.302365848662966064e-02
1.546718498591606594e-02
1.463818592349824810e-02
1.900425003582395869e-02
1.448578894721379642e-02
1.368725448228513310e-02
1.352829134083020392e-02
1.106116479587146428e-02
1.253400464489340914e-02
1.608868904499049374e-02
1.491182248928086575e-02
1.753292848066612813e-02
1.287514632089616952e-02
1.304366570238597867e-02
1.302562428746262616e-02
1.639397282085199373e-02
1.620746100071121520e-02
1.404147520879769385e-02
1.233894773365182100e-02
1.097688775537867742e-02
1.953838567119645098e-02
1.683133225608560504e-02
1.960700360948432544e-02
1.097711645378985149e-02
1.152784969508050678e-02
1.502663797347170670e-02
1.547221985176560656e-02
1.656137105989428232e-02
1.366937017934453762e-02
1.427052013395855787e-02
1.408866558327066289e-02
1.228802821092951289e-02
1.267756833352475139e-02
1.058340639784645029e-02
1.490267143722120297e-02
1.240238994957720657e-02
1.358595237049978026e-02
1.294084719656743605e-02
1.597019333282280115e-02
1.318161980312952501e-02
1.594215403523926988e-02
1.358081290602998481e-02
1.357818278150351235e-02
