1.354047029595951100e-02
1.291373572639796692e-02
1.244923069902910233e-02
1.366557618143369492e-02
1.656352419965247125e-02
1.517950307960840538e-02
1.223912062385601289e-02
1.149815638999754537e-02
1.340929985664744174e-02
1.449984621029200803e-02
1.583101005486385604e-02
1.304000050297390856e-02
1.220326710068099507e-02
1.603936250502568939e-02
1.318363564111092907e-02
1.868536697083866827e-02
9.828965228843888555e-03
1.130485036143160510e-02
1.660556459528589324e-02
1.698858480245974203e-02
1.422543068770512446e-02
1.217117701483133238e-02
1.391927668561153235e-02
1.617066771238138967e-02
1.316405860636336161e-02
2.163421146068626733e-02
1.504024581449087128e-02
1.345521607371632893e-02
1.323511104699671113e-02
1.238695213948147467e-02
1.491455525529715789e-02
1.175843328596772042e-02
1.239509599035169829e-02
1.907855566056834012e-02
1.311079381989104994e-02
1.210173113048101066e-02
1.254809250059177317e-02
1.637933178040137938e-02
1.390738588899227864e-02
1.475666819227377212e-02
1.625068903997013356e-02
1.251105804692191625e-02
1.654676055234475737e-02
1.257683199456361908e-02
1.787891920295681114e-02
1.797128878212345821e-02
1.572831538426374548e-02
1.687855414704667739e-02
1.619801153573458691e-02
1.333601769398428012e-02
1.110040131285952060e-02
1.489158873052320170e-02
1.001805266057814205e-02
1.272761934394030063e-02
1.659919395564334044e-02
1.437865557356163108e-02
1.236653195880100392e-02
1.048947164354615234e-02
1.244844183017120021e-02
1.452979142604334147e-02
1.851072001854147178e-02
1.406924665365633272e-02
1.426167274256204785e-02
1.413532901980626630e-02
1.260870063582386798e-02
1.570107470782982836e-02
1.976349177933405671e-02
1.170269978634444138e-02
1.133861406166613954e-02
1.646019400538778141e-02
