1.040368356477310713e-02
1.299038787602613786e-02
2.253969747756784381e-02
1.414003420931934062e-02
1.724856374201449646e-02
1.714047058294523168e-02
3.299614665921771217e-02
1.462010441272391589e-02
1.646369349717931307e-02
2.124503313183288486e-02
1.939431596838566904e-02
1.635584092498870712e-02
2.043555842462171923e-02
1.608201619711795843e-02
2.631306223701115540e-02
2.163779322951350434e-02
1.224789446232839828e-02
1.820570434679516514e-02
1.978833406612377083e-02
1.482021726993619677e-02
2.615207385013119251e-02
1.992993863845055058e-02
1.246872379267672908e-02
1.870703437812268333e-02
1.353010216558862139e-02
2.149467795882114424e-02
2.362018531828911569e-02
1.898633015012704192e-02
1.108504505826370806e-02
3.125616085915753489e-02
1.399928831385387554e-02
9.832283396377117582e-03
3.273660670693096658e-02
3.560835076132940619e-02
1.752413285677645316e-02
3.416316598337788835e-02
1.698029419477115748e-02
3.187609313700285468e-02
2.150917853809524924e-02
1.473009193533169822e-02
2.191720523910088703e-02
2.021736122082409479e-02
1.391103493778311946e-02
1.659961318431890653e-02
2.373494317762344166e-02
2.793973345421554150e-02
2.490940807559154438e-02
2.178344738436581093e-02
2.600342431585832975e-02
1.172551873642101172e-02
