1.592215018876262655e-02
1.305114443971682088e-02
1.366123239898147865e-02
1.384040678624516921e-02
1.254183871520501287e-02
1.156302197868789954e-02
1.533207865436244342e-02
1.928209390045816998e-02
1.398471734237899042e-02
1.508905693818975331e-02
9.565927172867690759e-03
1.554723544861168032e-02
1.316635362302212391e-02
1.466950107939167351e-02
1.140053082462388380e-02
1.380028508099542632e-02
1.643715375213590513e-02
1.286756327938868953e-02
1.567099025673020576e-02
1.659752654263392177e-02
1.384692309876974468e-02
1.543946845916899929e-02
1.860681750723033184e-02
1.528614012355834946e-02
1.399813477850218695e-02
1.296304154457539153e-02
1.327992116950525367e-02
1.662026791995588337e-02
1.847773672575787549e-02
1.404547264931779553e-02
1.432784112682620667e-02
1.469852797254273674e-02
1.496092087025331988e-02
1.505736341711191514e-02
1.615884325036466215e-02
1.383271769999163021e-02
1.345468092589293882e-02
1.769406119630038965e-02
1.482071434867219227e-02
1.310262445899316487e-02
1.891419774421239375e-02
1.275628035329543809e-02
1.150721877049272306e-02
1.514243992224961581e-02
1.625550664694959055e-02
1.589266413461856361e-02
1.337918197321601339e-02
9.471694364211606307e-03
1.606883543600535341e-02
1.353291306227439976e-02
1.273872038670878330e-02
1.397723313652553083e-02
1.322029307290573281e-02
1.196868083566597456e-02
1.225140367772668652e-02
1.277946161581229936e-02
1.524673253353246369e-02
1.605200459675246161e-02
1.098073506190461006e-02
1.922844757887197040e-02
1.334428168892883189e-02
1.157923308180333448e-02
1.203281758272014244e-02
1.140403213739057953e-02
1.325635492983433250e-02
1.320276924814306127e-02
1.699401086065685171e-02
1.113272571409298570e-02
1.512469862764248031e-02
1.590140357817479422e-02
