1.514822405019988077e-02
1.212062011892174607e-02
1.294638926500821241e-02
1.416620472986018439e-02
1.069208622934946125e-02
1.291555694391070645e-02
1.522257392171755958e-02
1.153235055124638905e-02
1.544537603381321983e-02
1.144313915513703143e-02
1.359827920161615911e-02
1.536205809818548020e-02
1.531368645087106441e-02
1.560051291101245685e-02
1.606171331733161414e-02
1.365757690491071867e-02
1.421621249176609897e-02
1.376702823636749388e-02
1.526498132888359609e-02
1.651866210256040107e-02
1.415961523037749699e-02
1.538298808996594463e-02
1.227940649961643295e-02
1.570205741857413212e-02
1.843646912459885601e-02
1.434883294567584552e-02
2.100577577374757032e-02
1.535263506333122904e-02
1.483485108456707342e-02
1.518369532516865988e-02
1.272034508805557941e-02
1.149656959778323252e-02
1.133650689121589068e-02
1.849456277504698404e-02
1.242500649873761083e-02
1.157264892957454716e-02
1.411438981210410074e-02
1.772986075216300902e-02
1.282785299965254200e-02
1.226667155194701396e-02
1.431770489700577749e-02
1.393398448252563745e-02
1.181981647673427394e-02
1.194294619731850644e-02
1.454556282313734968e-02
1.355730358940822507e-02
1.543046397444548280e-02
1.284509843036244457e-02
1.229658756037880357e-02
1.620558504325090438e-02
1.171007665794022296e-02
1.153219813234594021e-02
1.673963052987170741e-02
1.641778146153844223e-02
1.321366124709422857e-02
1.282642912730625265e-02
1.586986495323566490e-02
1.379544325704144467e-02
1.365653391124937131e-02
1.477004462755206020e-02
1.641791309130477203e-02
1.512725460952293356e-02
1.507176837735471966e-02
1.328901142796473471e-02
1.355105495992707867e-02
1.533679834115589738e-02
1.207791522088615815e-02
1.488601354958554723e-02
2.015406362297871706e-02
1.399751592500329475e-02
