1.349997143245593861e-02
1.524637399386723907e-02
1.202443685442871821e-02
1.465780430078522309e-02
1.362224984711303370e-02
1.417431631829315503e-02
1.588392936376891926e-02
1.538830646547786896e-02
1.239333379072783854e-02
1.188125809508687285e-02
1.323647258330901133e-02
1.606061807852542447e-02
1.301433927133698563e-02
1.775981666997477823e-02
1.507547001706690919e-02
1.519297641246093386e-02
1.163145214767114834e-02
1.141149772959518770e-02
1.352379136850160972e-02
1.277263380625769280e-02
1.567888500893232367e-02
1.024154336878146769e-02
1.307091692151236655e-02
2.190867176000161828e-02
1.528972865622104695e-02
1.454450756709399668e-02
1.852523365828346105e-02
1.300652116472667333e-02
1.384392539892814571e-02
1.783175003742355075e-02
1.435083081966712602e-02
1.310712674180403332e-02
1.340071733500497984e-02
1.451335244163255017e-02
1.689255543706443333e-02
1.245808773844504953e-02
1.319492970641753318e-02
1.180270065909792485e-02
1.465730977503580494e-02
2.094854126518408410e-02
1.442647565414229872e-02
1.170047217039643823e-02
1.550913397599904507e-02
1.210662670030360384e-02
1.233236993416540923e-02
1.833319678423106155e-02
1.393975321471945666e-02
2.003340100639636884e-02
1.352529142831789682e-02
1.494227798423174158e-02
1.502764777347351775e-02
1.669049901470006855e-02
1.322559326056987200e-02
1.215493455397113030e-02
1.514276291146534129e-02
1.363207205546297651e-02
1.311416265803163478e-02
1.331951339431256508e-02
1.224510491543582755e-02
1.349490004906136846e-02
9.997567816768873628e-03
1.437358857132483084e-02
1.364192854852821525e-02
1.386951005683394710e-02
1.445403930155914583e-02
1.400064351400024353e-02
1.247496274568057721e-02
1.555945706594102397e-02
1.633283726046099935e-02
1.268039167155172314e-02
