1.112428892431517428e-02
1.069345972594789793e-02
9.395586352691236501e-03
1.667070007658917954e-02
1.647574983790527428e-02
1.502830295755423241e-02
1.101604775212302982e-02
1.844637760224930242e-02
1.562379900576127585e-02
1.182762632814640669e-02
1.084498867309263703e-02
1.449428132549071720e-02
1.301433834732602067e-02
1.377526827606567403e-02
1.324439296251606057e-02
1.555832432579769276e-02
1.180302942425800160e-02
1.398084483036134140e-02
1.902170941535612225e-02
1.838104771003842841e-02
1.385539799097392465e-02
1.242735882220814478e-02
1.400877821455296865e-02
1.249645614818797532e-02
1.547610396039999885e-02
1.411777978901107393e-02
1.249094747246463216e-02
1.172602182442926931e-02
1.518235358495885305e-02
1.807083604622666123e-02
1.310702718958458961e-02
1.228701834715731876e-02
1.261687864747234981e-02
1.489613071200697816e-02
1.558471115781826823e-02
1.760704680994733956e-02
1.050690848607795796e-02
1.795639982858106623e-02
1.465246299554345995e-02
1.547012392610545850e-02
1.179752311460259204e-02
1.543396819933102841e-02
1.452380541797544319e-02
1.890545739524961480e-02
9.563331604081065987e-03
1.613216100805346317e-02
1.096975476379293164e-02
1.142653989811744097e-02
9.840578799968075288e-03
1.558189536477692753e-02
1.126218986551577941e-02
1.197605828193841829e-02
1.581238284640399533e-02
1.342941934835480654e-02
1.344970149447691048e-02
1.228413899673454386e-02
1.201409797905775290e-02
1.525161611158500248e-02
2.061168018941411662e-02
1.808158071305293255e-02
2.064568466099338251e-02
1.533494366387707329e-02
1.305897751973777131e-02
1.469387786717593972e-02
1.821723808073026987e-02
1.352105057570510312e-02
1.362727971774583408e-02
1.520072266453125626e-02
1.789852870990526340e-02
1.449690933982130704e-02
