6.600000000000000000e+01
6.600000000000000000e+01
6.600000000000000000e+01
6.600000000000000000e+01
6.600000000000000000e+01
6.600000000000000000e+01
4.500000000000000000e+01
3.900000000000000000e+01
6.600000000000000000e+01
6.600000000000000000e+01
3.900000000000000000e+01
2.200000000000000000e+01
3.000000000000000000e+00
3.000000000000000000e+00
6.600000000000000000e+01
4.000000000000000000e+01
3.100000000000000000e+01
3.100000000000000000e+01
1.700000000000000000e+01
5.300000000000000000e+01
3.100000000000000000e+01
5.300000000000000000e+01
3.100000000000000000e+01
3.100000000000000000e+01
3.100000000000000000e+01
3.900000000000000000e+01
3.900000000000000000e+01
3.900000000000000000e+01
3.900000000000000000e+01
1.700000000000000000e+01
4.200000000000000000e+01
4.200000000000000000e+01
6.000000000000000000e+00
6.000000000000000000e+00
6.000000000000000000e+00
6.000000000000000000e+00
4.200000000000000000e+01
4.200000000000000000e+01
6.000000000000000000e+00
3.500000000000000000e+01
1.000000000000000000e+01
4.200000000000000000e+01
5.000000000000000000e+00
1.000000000000000000e+01
5.000000000000000000e+00
6.900000000000000000e+01
6.900000000000000000e+01
6.900000000000000000e+01
4.000000000000000000e+01
6.900000000000000000e+01
6.900000000000000000e+01
6.900000000000000000e+01
4.000000000000000000e+01
4.000000000000000000e+01
4.000000000000000000e+01
4.000000000000000000e+01
6.900000000000000000e+01
6.900000000000000000e+01
6.900000000000000000e+01
4.800000000000000000e+01
7.000000000000000000e+00
7.000000000000000000e+00
7.000000000000000000e+00
7.000000000000000000e+00
7.000000000000000000e+00
1.200000000000000000e+01
7.000000000000000000e+00
7.000000000000000000e+00
7.000000000000000000e+00
1.200000000000000000e+01
7.000000000000000000e+00
7.000000000000000000e+00
7.000000000000000000e+00
7.000000000000000000e+00
1.200000000000000000e+01
