1.912799632442530387e-02
1.390185315347796172e-02
1.331161866756438127e-02
1.340054471687649948e-02
1.313568643553533408e-02
1.582274643617553531e-02
1.575736846230113217e-02
1.482508134654465098e-02
1.299327283085362217e-02
1.454695289105429126e-02
1.366575687544768422e-02
1.332194959081660357e-02
1.792412159749670261e-02
1.530917478416680792e-02
1.296074281812236405e-02
1.366349783143470942e-02
1.730006964241043513e-02
1.573003589744762301e-02
1.494500023083023682e-02
1.448939328211635083e-02
1.259241920574879180e-02
1.040313364245673035e-02
1.587742628984921064e-02
1.173735035035049570e-02
1.087439550303408858e-02
1.064654903978169698e-02
1.609831668161144577e-02
1.338168749642042882e-02
1.367385309795187028e-02
1.033513323131949636e-02
1.554617789349907811e-02
1.581197313231791357e-02
1.573229375776014419e-02
1.383372474756604242e-02
1.420961083265188767e-02
1.582722961538811021e-02
1.431987317545509002e-02
1.225531381654112149e-02
1.441147328259640044e-02
1.138855573922713249e-02
1.432153145006536191e-02
1.476054213320922466e-02
1.441529519559993540e-02
1.220119437273213189e-02
1.598335564497298245e-02
1.689752584080389183e-02
1.322066399004592600e-02
9.663148905830009835e-03
1.439707934909611499e-02
1.322639053811536930e-02
1.574967646645639499e-02
1.462638661420344842e-02
1.750524987743682162e-02
1.524383579249628286e-02
1.305166294398179931e-02
1.206203142999239669e-02
1.529218431088241043e-02
1.199297485196494824e-02
1.890788562561405636e-02
1.287048445010859077e-02
1.412686688974754828e-02
1.548117093336506649e-02
1.631452781786272080e-02
1.099774652040280166e-02
1.524389391435280496e-02
1.185065890531081419e-02
1.767784104372884316e-02
1.718806267699714285e-02
1.312803189876458020e-02
1.651274526923397074e-02
