9.000000000000000000e+00
9.000000000000000000e+00
9.000000000000000000e+00
9.000000000000000000e+00
9.000000000000000000e+00
9.000000000000000000e+00
9.000000000000000000e+00
9.000000000000000000e+00
9.000000000000000000e+00
9.000000000000000000e+00
9.000000000000000000e+00
9.000000000000000000e+00
9.000000000000000000e+00
9.000000000000000000e+00
9.000000000000000000e+00
1.500000000000000000e+01
1.500000000000000000e+01
4.700000000000000000e+01
4.700000000000000000e+01
4.700000000000000000e+01
4.700000000000000000e+01
1.500000000000000000e+01
1.500000000000000000e+01
1.500000000000000000e+01
1.500000000000000000e+01
1.500000000000000000e+01
4.700000000000000000e+01
1.500000000000000000e+01
1.500000000000000000e+01
4.700000000000000000e+01
2.500000000000000000e+01
2.500000000000000000e+01
2.500000000000000000e+01
2.500000000000000000e+01
2.500000000000000000e+01
2.500000000000000000e+01
2.500000000000000000e+01
2.500000000000000000e+01
2.500000000000000000e+01
3.500000000000000000e+01
2.500000000000000000e+01
2.500000000000000000e+01
2.500000000000000000e+01
2.100000000000000000e+01
2.500000000000000000e+01
4.000000000000000000e+01
4.000000000000000000e+01
4.000000000000000000e+01
4.000000000000000000e+01
3.500000000000000000e+01
4.000000000000000000e+01
3.500000000000000000e+01
4.000000000000000000e+01
4.000000000000000000e+01
4.000000000000000000e+01
4.000000000000000000e+01
4.000000000000000000e+01
4.000000000000000000e+01
4.000000000000000000e+01
3.800000000000000000e+01
1.800000000000000000e+01
1.800000000000000000e+01
3.600000000000000000e+01
2.800000000000000000e+01
3.600000000000000000e+01
3.600000000000000000e+01
1.800000000000000000e+01
2.800000000000000000e+01
3.600000000000000000e+01
2.800000000000000000e+01
2.800000000000000000e+01
3.600000000000000000e+01
2.800000000000000000e+01
2.800000000000000000e+01
3.600000000000000000e+01
1.800000000000000000e+01
2.800000000000000000e+01
2.800000000000000000e+01
3.600000000000000000e+01
2.800000000000000000e+01
2.800000000000000000e+01
2.800000000000000000e+01
1.800000000000000000e+01
1.800000000000000000e+01
3.600000000000000000e+01
3.600000000000000000e+01
2.800000000000000000e+01
2.800000000000000000e+01
2.800000000000000000e+01
3.000000000000000000e+01
