1.518621123502263831e-02
1.626022185915902696e-02
2.206269674072804804e-02
2.043641479977195349e-02
2.164330806106212410e-02
2.004685096996424234e-02
1.730669796903329047e-02
1.810924308469821775e-02
2.140759640061011895e-02
1.917729293109365907e-02
1.707678033050387748e-02
2.210932894397678317e-02
2.128386682949835393e-02
1.767216843330305168e-02
1.993709823755640542e-02
1.965685991946180058e-02
1.852027205977546664e-02
1.690585229647572491e-02
2.391850901998861939e-02
1.998723723736031341e-02
1.657708161904153724e-02
2.086104391151949108e-02
1.799312637870244258e-02
2.085906398755969435e-02
1.737553654724514896e-02
2.877124218770406652e-02
1.793213478701445249e-02
2.283608538941114818e-02
2.986800444334858015e-02
2.067581570527487339e-02
2.172212870062513457e-02
2.129510102998708951e-02
1.934480549169007024e-02
1.428186687333662941e-02
2.021392251409768678e-02
1.824691118321637717e-02
2.473663797256005215e-02
2.020204671377575506e-02
2.156975884455795620e-02
1.974813782114340568e-02
2.400871307724216155e-02
2.049973059246316953e-02
1.663173532953035258e-02
2.081236149918309908e-02
1.781397691778852099e-02
1.826258393932635518e-02
1.461228821649816073e-02
2.175879798462773337e-02
2.271364664454515042e-02
1.907120633794022121e-02
