1.245411551129854688e-02
1.647431080486812249e-02
1.464196126677645704e-02
1.808296388099847954e-02
1.046643922819363512e-02
1.565333209819764690e-02
1.279542192168173914e-02
1.254571124907615312e-02
1.257606928170028858e-02
1.004588041989912771e-02
1.221598399589200051e-02
1.194100832075193318e-02
1.165648623748668893e-02
1.352853880067417421e-02
1.352938525329612854e-02
1.625994016377102849e-02
1.703556495218886899e-02
1.448995220611011027e-02
1.215716226106217622e-02
1.364849597257257637e-02
1.649376304280285310e-02
1.283172585089728014e-02
1.188244951675480887e-02
1.441150085817339763e-02
2.062376584375377048e-02
1.625309633911045659e-02
1.496415641097866532e-02
1.377466166656417072e-02
1.300285625496018158e-02
1.219122185688940874e-02
1.861063938539322601e-02
1.443591307835160806e-02
1.501766595583492632e-02
1.387482020568596951e-02
1.130575824016645872e-02
1.667279024874794569e-02
1.140141319859819431e-02
1.488882714082214419e-02
1.385201101040760101e-02
1.275429783213142751e-02
1.302983505676353314e-02
1.307358675585173005e-02
1.136069779998464917e-02
1.928907709847991342e-02
1.189838405391741710e-02
1.896412063368542109e-02
1.768630392355358474e-02
1.834119772126728207e-02
1.249770768277950854e-02
1.602921465841895821e-02
1.426177549251113515e-02
1.455473091287370555e-02
1.093670031804521228e-02
1.352167570556933249e-02
1.404752879567348900e-02
1.546200156069319799e-02
1.377720532511707112e-02
1.511057675871037807e-02
1.092527973444822574e-02
1.245641468580484072e-02
1.888184088223862633e-02
1.173642738515537180e-02
1.557360548795668279e-02
1.390530619714254110e-02
1.828002814084019739e-02
1.593959305078557556e-02
1.354677727462830390e-02
1.532009666446818019e-02
1.294046870332384198e-02
1.520978377579194907e-02
