1.112449628443348305e-02
1.730318475758316557e-02
1.231748161242991052e-02
1.631166131369203229e-02
1.653528210062727571e-02
1.769310611774786018e-02
1.497865458735405352e-02
1.511973944002740697e-02
1.271893875843440637e-02
1.654104262395425518e-02
1.250158619319015514e-02
1.540664430710014451e-02
1.384894113788321356e-02
1.563060306886229767e-02
1.651207822044816267e-02
2.003728590052446593e-02
1.297340822762868030e-02
1.613737862099041964e-02
9.902898645178116049e-03
1.204248145168063978e-02
1.440622807118507355e-02
1.848987859924428739e-02
1.323695973524785519e-02
1.165542191015593240e-02
1.242338455686922867e-02
1.376186527391632698e-02
1.617402393297156377e-02
1.393764119447339460e-02
1.381747009882704734e-02
1.247499108435970450e-02
1.325622555292874094e-02
1.423938687733790516e-02
1.368829140578689714e-02
1.491932062742748477e-02
1.339352469987113020e-02
1.510177673215258413e-02
1.301693668284210036e-02
1.801129305940347286e-02
1.424995321068267887e-02
1.173393971025152825e-02
1.227009115722947630e-02
1.264725471384500234e-02
1.240623399064317081e-02
1.303708582603721640e-02
1.359166151502034028e-02
1.507593309036711106e-02
1.090532628022331495e-02
1.457361597446001772e-02
1.343366183257299271e-02
1.661698425235829182e-02
1.209758517367194239e-02
1.231120410223066584e-02
2.002860606062209850e-02
1.528669337779077486e-02
1.408585376789442574e-02
1.672257301182552766e-02
1.193137837619619342e-02
1.593962767659084373e-02
1.228807898002017007e-02
1.386629127655011028e-02
1.656980526845780802e-02
1.394168765943345524e-02
1.358400680515632793e-02
1.134133313877250769e-02
1.175622931589453968e-02
1.008835423133005831e-02
1.667761645527133033e-02
1.314748881701527372e-02
1.919690270870764645e-02
1.695542877810602908e-02
