1.373425483998928602e-02
1.359721129040034407e-02
1.337278350851996145e-02
1.374456481507288497e-02
1.409984905329435961e-02
1.395332868370826283e-02
1.364821480878364648e-02
1.230941992769613719e-02
1.223290186665499518e-02
1.348966849809501468e-02
1.287852035679456358e-02
1.581412212300733686e-02
1.493833295069682543e-02
1.950631911407250951e-02
1.533125231232798473e-02
1.628958020988323721e-02
1.637170235352651201e-02
1.378317302025926748e-02
1.629948793097452803e-02
1.456107299278715586e-02
1.387435356138026418e-02
1.334379799794525520e-02
1.605256000573060393e-02
1.390977360711239709e-02
1.361463181045194197e-02
1.513643482795223871e-02
1.371105677625461539e-02
1.646117141963893832e-02
1.005939797357180247e-02
1.118367646637728058e-02
1.756941441736979692e-02
1.674905911875574846e-02
1.069203387589300926e-02
1.718758138331857518e-02
1.283757590717185190e-02
1.058482715052634117e-02
1.212220914343836026e-02
1.523319501143146140e-02
1.747433182955080225e-02
1.264932681288096286e-02
1.776510041823239558e-02
1.701498346460603855e-02
1.450190448353178008e-02
1.312264517931850498e-02
1.495053719768080040e-02
1.361673270058151933e-02
1.133406131917568879e-02
1.654551115060846553e-02
1.648271120102453441e-02
1.665938940335041918e-02
1.478149976641273192e-02
1.279715395187945234e-02
1.406867839947009008e-02
1.451210056592505855e-02
2.024807331626876650e-02
1.224761819712527101e-02
1.645747119764413499e-02
1.390592656215015183e-02
1.362111412268846890e-02
1.275353781417701456e-02
1.298951033154946075e-02
1.332765453880584323e-02
1.395443609846983013e-02
1.181376323761447814e-02
1.249255131160023624e-02
1.284671265475066486e-02
1.188543243437125384e-02
1.389642458056234743e-02
1.297390141798287523e-02
1.603069322914512859e-02
