1.432621545420713696e-02
1.303862881878051216e-02
1.356493653850381065e-02
1.455104766459318875e-02
1.680550032159732268e-02
1.562975300788082417e-02
1.449392523045994752e-02
1.499292235741852761e-02
1.396053046815052753e-02
1.468023004286215030e-02
1.728044901043350456e-02
1.337935919990694035e-02
1.316824102284808173e-02
1.326792300768519714e-02
1.577562864607521056e-02
1.464743871492297893e-02
1.076110109469393360e-02
1.294398914813024715e-02
1.589846499256648490e-02
1.613538363892919048e-02
1.572171337896672086e-02
1.360502591868801257e-02
1.445945167205597501e-02
1.489142312290504290e-02
1.374491486383875964e-02
1.539740019601092483e-02
1.402270684369172522e-02
2.225862206361452905e-02
1.676792733002139060e-02
1.281481262775396347e-02
1.689448611580757209e-02
1.250021436713447294e-02
1.807046172335842471e-02
1.552810450693340415e-02
1.662432988379109258e-02
1.764217376058711470e-02
1.411949839790931603e-02
1.586606592745076760e-02
1.253956924889139575e-02
1.342780803770439110e-02
1.387168346191685470e-02
1.195764864230725207e-02
1.112267374834820938e-02
1.690086881189377041e-02
1.374382462802302592e-02
1.036467350649552220e-02
1.611106396396663060e-02
1.134507735909308368e-02
1.226464616097799193e-02
1.712868848507317215e-02
1.370121270508698266e-02
1.547129464065661285e-02
1.282568645792929451e-02
1.205369242925779551e-02
1.541674698472467880e-02
1.231587160245161718e-02
1.237954955633198927e-02
1.366005956601332692e-02
1.525328039211132358e-02
1.257284209360109463e-02
1.225034470059281101e-02
1.320169109553382021e-02
1.279531978972637922e-02
1.324973430879982511e-02
1.183107713998639114e-02
1.639950151484100352e-02
1.345258260010296150e-02
1.032279917039414553e-02
1.359229265530544940e-02
1.624519346069588574e-02
