1.957589278059854512e-02
2.392355651514934886e-02
2.062620460321793608e-02
1.848458889638248184e-02
2.034953475533285774e-02
1.966221477953439267e-02
2.118439276801366636e-02
2.056009923848798812e-02
2.051287487857899119e-02
1.532329366620147938e-02
1.993763496065658822e-02
2.351851520732683998e-02
2.246078356802046205e-02
1.985159382395263947e-02
2.038104083643649950e-02
1.984355125126734468e-02
2.069482322905774954e-02
1.852615831351467693e-02
1.842809312080620834e-02
1.851180445672776301e-02
2.125813195918567142e-02
1.789864294410645207e-02
1.952910194319831122e-02
1.557694701792373786e-02
1.776014675861401285e-02
1.523647530849745434e-02
2.045971338789298599e-02
2.130759556986325937e-02
2.244958606327649570e-02
2.215114515742981974e-02
2.066752986392993846e-02
2.213957977849963926e-02
1.958484279036401890e-02
2.187689373174157154e-02
1.947529046776658515e-02
2.063653852507465677e-02
1.653121220189241597e-02
1.704639108812143131e-02
2.230765448781603030e-02
2.984355351229535380e-02
1.898189567768159350e-02
1.974677910379414592e-02
1.809816309906827139e-02
1.416772849659697110e-02
2.148376832703025041e-02
2.137190604164179719e-02
1.979783955152926433e-02
2.104453520222316146e-02
2.002150361823115676e-02
1.919225667544896888e-02
