1.557041120439372171e-02
1.587762843127757395e-02
1.688575341539473237e-02
1.509052774794846820e-02
1.252674638283090419e-02
1.497506026950223140e-02
1.376658861970441600e-02
1.553376492405537934e-02
1.288306648435700620e-02
1.195276999512633921e-02
1.600714288484748546e-02
1.421247695514621379e-02
1.622387655918874211e-02
1.193254244688283540e-02
1.501130772670721675e-02
1.408970551403262300e-02
1.340632262207547623e-02
1.347789608758404381e-02
1.342258713907880201e-02
1.453142465227823948e-02
1.397436392105078778e-02
1.199691515952048051e-02
1.555251775118141749e-02
1.569360410949839288e-02
1.176996811329337166e-02
1.453716406939734723e-02
1.835068233795677031e-02
1.249279977779922668e-02
1.322172385621338958e-02
1.370097897467994520e-02
1.551953905058532125e-02
1.462780736534534387e-02
1.121785674818078817e-02
1.407018093848489554e-02
1.208189465114389675e-02
9.312655066974501877e-03
1.524455635647906787e-02
1.378013667900469807e-02
1.738265897183167985e-02
1.331585293151801505e-02
1.458448892740830255e-02
1.720682495406712989e-02
1.496126588428059283e-02
1.624002988635449285e-02
1.764385208861559903e-02
1.304459957657567483e-02
1.257272568518103852e-02
1.404620260471656050e-02
1.296469928918580691e-02
1.565258038793459691e-02
1.638913011770590927e-02
1.615168649185414959e-02
1.843680790248955481e-02
1.400019111712462114e-02
1.554234170704173711e-02
1.703735391349302242e-02
1.347289513512204585e-02
1.324722422437620353e-02
1.804352874998764455e-02
1.319035028364876072e-02
1.486931378457049743e-02
1.135128931046066811e-02
1.215052084553380936e-02
1.493167069083312960e-02
1.340178382139188724e-02
1.281354492418679963e-02
1.200733464928388158e-02
1.458598458874801711e-02
1.367884488766853840e-02
1.055947667760743017e-02
