1.596446911704049038e-02
1.576207375337873237e-02
1.293322319347450268e-02
1.096547924582243552e-02
1.290041450574011019e-02
1.212900214590518361e-02
1.444561933115478917e-02
1.558013691408936981e-02
1.464159064710804370e-02
1.317556846525556359e-02
1.361579762911310082e-02
1.262026099653996460e-02
1.318380367371443235e-02
1.460853427868182702e-02
1.906928560496005606e-02
1.351621911295736340e-02
1.253560949666925918e-02
1.366553815464773176e-02
1.362878675037728846e-02
1.522581037763172905e-02
1.457301918369968523e-02
1.439807611214300939e-02
1.251051924911106283e-02
1.435852091394957362e-02
1.355858130093217685e-02
1.541073986609073007e-02
1.413375870522423292e-02
1.155336211767995537e-02
1.793223771887486259e-02
1.269422049180487545e-02
1.100035555466954452e-02
1.766728851282848428e-02
1.830349124851187934e-02
1.783222264251514352e-02
1.341721619713349099e-02
1.548010984599550166e-02
1.416086763648626359e-02
1.574564133402000035e-02
1.249153402556882515e-02
1.578950846960643431e-02
1.782315979355805421e-02
1.880408181479742424e-02
1.167384514445711508e-02
1.337751765784899079e-02
1.327439830336024813e-02
1.830203973177858129e-02
1.395638587870249789e-02
1.863189598633304897e-02
1.035089266686960684e-02
1.398890771687085095e-02
1.681242158917647944e-02
1.425748691832103704e-02
1.580056492331825824e-02
9.657118084834709695e-03
1.454395955037345901e-02
1.676786756198027709e-02
1.330592883299493677e-02
1.391849563785814599e-02
1.571434784379477020e-02
1.567450836769751499e-02
1.424733864852198786e-02
1.221658003766681877e-02
1.379960780782650380e-02
1.105710894867639391e-02
1.451856433241072164e-02
1.211786300759018498e-02
1.308095367078332232e-02
1.568175153460118001e-02
1.181153482216160469e-02
1.165437866372774807e-02
