1.476114947900482831e-02
1.430107439255828838e-02
1.426023785948584387e-02
1.390030390460653999e-02
1.468983778287370409e-02
1.156436390405975526e-02
1.454936272097820046e-02
1.836600922172151179e-02
1.116757662829939712e-02
1.417654013383630278e-02
1.418085000690174138e-02
1.482082091194964271e-02
1.594884692951401700e-02
1.772759125225633475e-02
1.048870314147560580e-02
1.505362518491623267e-02
1.264782140734497726e-02
1.304246642226693058e-02
1.300742412308521744e-02
1.498345512410555538e-02
1.282750304815986030e-02
1.543427923884401268e-02
1.500172806315703926e-02
1.340803008525255115e-02
1.238414298168913352e-02
1.459786222677928597e-02
1.559662674556789620e-02
1.293286112815378308e-02
1.393796747894895938e-02
1.571142144993956796e-02
1.406520590113721596e-02
1.372840637481822362e-02
1.325326050324568058e-02
1.256905320716413671e-02
1.608520562485955818e-02
1.541425775614991590e-02
1.474067929488730340e-02
1.875929400199033426e-02
1.570140378734534437e-02
1.487832149283738019e-02
1.306674549676953290e-02
1.297801086339228985e-02
1.639904719809322925e-02
1.290736998077403330e-02
1.175335673560707478e-02
1.491562639402736409e-02
1.126671698629542334e-02
1.432741828321527043e-02
1.218337329278009612e-02
1.350898425279551882e-02
1.544422456515371495e-02
1.352597727977515596e-02
1.341438743487651485e-02
1.396625627122333180e-02
1.751506837374430456e-02
2.050614438160467887e-02
1.206049357953864823e-02
1.782739083481570119e-02
1.570630321233510915e-02
1.130445617755855905e-02
1.398748780063471114e-02
9.792687683969980919e-03
1.283461164293135844e-02
1.489024296765395147e-02
1.774017272484650423e-02
1.148981965098607415e-02
2.018487171755435627e-02
1.317705806195007719e-02
1.422167931211324073e-02
1.243844592081678677e-02
