1.260093668946691767e-02
1.273916269879121418e-02
1.460959032233147790e-02
1.344648289908578591e-02
1.216502065527299246e-02
1.203977350050472114e-02
1.301912790751899585e-02
1.404377341761624785e-02
1.357894817053886295e-02
1.537936055854643644e-02
2.119059580827315284e-02
1.196031493291674873e-02
1.329390058471104606e-02
1.161539012750765001e-02
1.240761100452212121e-02
1.377950672219262207e-02
1.434085793195962605e-02
1.474298666926181743e-02
1.642714062806696282e-02
1.675683794481546557e-02
1.674385334605457687e-02
1.302390541955441954e-02
1.262729933206689463e-02
1.311665492625904532e-02
1.472498457011085608e-02
1.656295738378591592e-02
1.049355245921335285e-02
1.624186642842366871e-02
1.697890323232252238e-02
1.279886711139897014e-02
1.353216864625664609e-02
1.748020758488456547e-02
1.523459637479540260e-02
1.350363530405563652e-02
1.505519708149840631e-02
1.414250488070519646e-02
1.452510052556030447e-02
1.850922682882581716e-02
1.191905107255688406e-02
1.160244271303299823e-02
1.383092192177688522e-02
1.492922168977221797e-02
1.249307294435342795e-02
1.916050644348137391e-02
1.197530901842474085e-02
1.139351221651878528e-02
1.303137392027155228e-02
1.456607798514961138e-02
1.542475450463400878e-02
1.887893317939146054e-02
1.429666247406905823e-02
1.409543425629742296e-02
1.744764426169660015e-02
1.033089904457944186e-02
1.357693714724406489e-02
1.636566529575704879e-02
1.657515916439642606e-02
1.167494331690219211e-02
1.010566214929128383e-02
1.381470557973310184e-02
1.337723589203979567e-02
1.287006711588825451e-02
1.192701625146441909e-02
1.920403723127963799e-02
1.972995244807342757e-02
1.328725043471829480e-02
1.683733781208851185e-02
1.362943472593114783e-02
1.236130428534265753e-02
1.385467289417040108e-02
