2.251312952278471113e-02
1.646985349801386583e-02
1.471249151142084086e-02
1.829286441939907693e-02
1.494455613642316390e-02
6.784708534923239789e-03
1.347541978866563864e-02
8.877343573873455046e-03
1.581284945504695533e-02
1.580009217012613362e-02
1.192346696013357916e-02
9.630102576700114506e-03
1.562661093079781294e-02
7.858739503150576761e-03
1.455600357841828167e-02
1.073346230830642817e-02
1.796594463488523225e-02
1.972432362182317128e-02
1.197787745915207536e-02
1.298928207570545015e-02
1.272352055887844210e-02
1.327760868159657930e-02
1.145810139808265890e-02
1.862295045388030409e-02
1.190815302551675482e-02
1.078878609361357682e-02
1.609152574447978226e-02
2.027292431438829437e-02
1.255645951582234909e-02
7.169602759206410159e-03
1.111089349500211411e-02
1.042242957572231572e-02
1.286329745829421431e-02
2.237197744700572880e-02
1.502536835177606042e-02
8.781794381920459552e-03
1.740480060238531676e-02
1.100872377278931148e-02
2.567483763275307806e-02
2.455624259586015184e-02
1.017742307218261720e-02
2.625347524192771578e-02
1.054606181718842871e-02
2.190375132766644167e-02
1.157449052730010267e-02
5.443760536737298449e-03
9.634966035430249029e-03
1.002368504613490932e-02
1.474709224440468383e-02
1.633030938968127108e-02
1.485388435814376934e-02
2.253492896587596869e-02
1.055887812186505348e-02
1.395029128548146320e-02
1.038759120182926321e-02
1.188912151140716217e-02
1.957154433353952908e-02
2.182586741185303658e-02
1.407701259268003685e-02
1.492840916006790003e-02
8.817088042690464714e-03
9.929049465499167546e-03
1.379850316678982343e-02
1.579633770599120357e-02
1.201587985021011426e-02
1.274413880821668663e-02
1.613319305308193868e-02
1.412094657128309949e-02
1.783406771240746841e-02
1.283913132370922972e-02
