1.488102234570902634e-02
1.427756745808402353e-02
1.578836074507113801e-02
1.344034514990767593e-02
1.481539486323439972e-02
1.487117382855150834e-02
1.531347564724495208e-02
1.359263933915451882e-02
1.095210204662460350e-02
1.099175466284263956e-02
1.316434890232109911e-02
1.857861462743413961e-02
1.261323602080316811e-02
1.708418520695258527e-02
1.233394977437714778e-02
1.492427545088195057e-02
1.511933077203151191e-02
1.577501830869551189e-02
1.358942387818389864e-02
1.567732278847029301e-02
1.319365478395539970e-02
1.169223372676885669e-02
1.571402966479586161e-02
1.409027518309459957e-02
1.568750859038652370e-02
9.940586369654443727e-03
1.566629565827961507e-02
1.615306623282559625e-02
1.724125476904030813e-02
1.367318771385155410e-02
1.566343179023095902e-02
1.575475715099460688e-02
1.449612526708664133e-02
1.618242150857638478e-02
1.327313364353987883e-02
1.989648030322520994e-02
1.094633786743359934e-02
1.183842202395054589e-02
1.287395719197321001e-02
1.418237324265437388e-02
1.548147477537416966e-02
1.443297660347855720e-02
1.178952686332963851e-02
1.403754983205365847e-02
1.191937812270015169e-02
1.472147483209932002e-02
1.399941088706546655e-02
1.551922774027455869e-02
1.401740195363508981e-02
1.430377044623960987e-02
1.334066809599239803e-02
1.495743939784805604e-02
1.352004951470859445e-02
1.798949701150304517e-02
1.259761652768773277e-02
1.484144732147223665e-02
1.571089915113492094e-02
1.392507097207966449e-02
1.539912025202578270e-02
1.545815004732052807e-02
1.380889614185314834e-02
1.313718231741434379e-02
1.482329130759080064e-02
1.250119814483119547e-02
1.787961473382685892e-02
1.280754739710098303e-02
1.522318543394340223e-02
1.099825622569373246e-02
1.276700261978975896e-02
1.214860083103840374e-02
