1.458729959969553257e-02
1.000544680109229263e-02
1.473517364548069565e-02
1.163470564163835048e-02
1.166045457988442585e-02
1.685528075828868558e-02
1.235362345098609156e-02
1.564007583253756994e-02
1.633599714244533471e-02
1.335780673089758362e-02
1.182153883886078935e-02
1.600423900954233217e-02
1.679851671739253371e-02
1.822285434460787015e-02
1.327932684186042787e-02
1.055722906525492430e-02
1.321797593580484841e-02
1.377605912045267410e-02
1.652490929948234599e-02
1.506781277893388254e-02
1.435716238060774468e-02
1.525382293070932059e-02
1.414297374706176627e-02
1.427320482449314157e-02
1.762898123624883837e-02
1.442375300494260285e-02
1.122839183132588736e-02
8.695882636767567758e-03
1.035666370539441508e-02
1.602802614061983599e-02
1.432605817288000287e-02
1.380788116778506464e-02
1.235368465677434691e-02
1.530683340434201706e-02
1.519387747662859223e-02
1.194986738341809358e-02
1.437518051781611246e-02
1.439770401491259275e-02
1.380616856910994554e-02
1.544709579051672423e-02
1.192539566197077343e-02
1.392600904177843275e-02
1.284041809366325004e-02
1.517213561845108007e-02
1.495648742115449764e-02
1.312730536797511449e-02
1.443504654571230866e-02
1.272545736966051479e-02
1.568548245611191966e-02
2.129730378032409707e-02
1.565855780732317015e-02
8.871860878848347037e-03
1.516761139008047932e-02
1.192315678867387693e-02
1.641360018750763483e-02
1.598627921814307212e-02
1.219952961273700065e-02
1.586390701038210838e-02
1.495745789181754555e-02
1.626299665750807755e-02
1.709593103866840005e-02
1.885491795652071215e-02
1.290706636591355816e-02
1.527534957934872754e-02
1.394127485237589212e-02
1.482280982659125654e-02
1.176814275919943475e-02
1.414785643487792739e-02
1.729047791524313676e-02
1.471063474394399342e-02
