2.093563770295300830e-02
1.706839978525170193e-02
2.085291536295332329e-02
2.180825753721615107e-02
1.878471050665728170e-02
2.385828628852061997e-02
2.482261440024866039e-02
1.904154662432655520e-02
2.311404283669747303e-02
2.235000307183776513e-02
1.836860650498339451e-02
2.018091655103481513e-02
1.971583264255833551e-02
3.070761637513117967e-02
2.088190341497936711e-02
1.727432666199497924e-02
1.704748182115011293e-02
1.704671494242088192e-02
2.548799280858226809e-02
1.546462186789101384e-02
1.648757073149674166e-02
2.107838200870687864e-02
1.731229128263036751e-02
2.096386136266543271e-02
2.132011872666337085e-02
1.994766701249682528e-02
2.244215716968088817e-02
2.172596819156713543e-02
1.733201281628357973e-02
1.749946597401384057e-02
1.854789637998513485e-02
1.893287637004904475e-02
2.168772821823688676e-02
1.676858229845510154e-02
1.676931801045530163e-02
2.325759834395200315e-02
1.904279682714526967e-02
1.819319115055928124e-02
1.778660652911897427e-02
1.744726488762005784e-02
1.895099447681200533e-02
2.200206478019075401e-02
2.012502040850927196e-02
1.544504073720383980e-02
1.972751811566803362e-02
1.741262751510452150e-02
1.707672093468518351e-02
2.330453058062247063e-02
2.638313081847581260e-02
2.021656963355699180e-02
