1.312482812055000385e-02
1.635691473485750141e-02
1.788781656112036281e-02
1.069727125393698901e-02
1.448981945954302616e-02
1.328233045485785815e-02
1.479912567630221887e-02
1.378581439469441297e-02
1.289990244969685222e-02
1.570065719034554816e-02
1.345213528713289780e-02
1.667161547249867287e-02
1.439035774680499750e-02
1.567829197663517596e-02
1.211551837328152074e-02
1.537719349715700561e-02
1.423682692793102819e-02
1.010764423204474002e-02
1.262067034529683676e-02
1.419071650119431080e-02
1.281674189644738115e-02
1.329653128645855338e-02
1.362545115448487998e-02
1.188717077784977663e-02
1.710541401343143933e-02
1.624703248360768321e-02
1.026727050936516311e-02
1.067851161655154063e-02
1.545690483320296717e-02
1.401910921759672024e-02
1.127673564838866348e-02
1.629800843021167109e-02
2.121603967556179304e-02
1.423236845350569005e-02
1.412505292319599960e-02
1.617780552838518973e-02
1.681332775582560293e-02
1.484581317528835091e-02
1.539822050414567205e-02
1.133591107229143212e-02
1.410593893198864440e-02
1.516217813691808115e-02
1.368700277088942888e-02
1.086372514875113410e-02
1.284716941436252376e-02
1.411801075772869431e-02
1.036620227677466366e-02
9.736255361846158154e-03
1.570211945003811838e-02
1.178739750327781853e-02
1.764045973232002476e-02
1.150476263467733497e-02
1.398674892025338762e-02
1.786715694996336007e-02
1.653290787046552898e-02
1.926003232932039719e-02
1.580372346331211653e-02
1.387276814653789353e-02
1.601158345187654944e-02
1.340289768452652096e-02
1.409913167195512088e-02
1.341907681909489808e-02
1.779290165709708493e-02
1.438581712242518323e-02
1.430167344673410716e-02
1.605853629858543935e-02
1.431461330263973306e-02
1.472864906264470877e-02
1.358167571843522242e-02
1.407401235288190805e-02
