1.386894631958210042e-02
1.496684977661775703e-02
1.439617223213024259e-02
1.911585423834474481e-02
1.419615494050315702e-02
1.235361910784259221e-02
1.086767280159778998e-02
1.560772189710585636e-02
1.098178857775037286e-02
1.560543814042463819e-02
1.352675135021984970e-02
1.569689542653560435e-02
1.042982894285649463e-02
1.657441590371298845e-02
1.484042593577133799e-02
1.622891235002549976e-02
1.234738909099842435e-02
1.382569589259120130e-02
1.412392318630689356e-02
1.689948224690621115e-02
1.750563928187122767e-02
1.191725453014846198e-02
1.144176447217241759e-02
1.489923738631122874e-02
1.289352512877130381e-02
1.371430349794439466e-02
1.511244246939550881e-02
1.736600388108882481e-02
2.056710540051963701e-02
1.329321302017339237e-02
1.648350461827498975e-02
1.323016920169984255e-02
1.616670086275554669e-02
1.743197758539426559e-02
1.384396467797739325e-02
9.944036237988890595e-03
1.440463748870262489e-02
1.315035240797156682e-02
1.529803289462346692e-02
1.346680595623673399e-02
1.685543463862173436e-02
1.825898140220172730e-02
1.319663703332327014e-02
9.625296703667820392e-03
1.274492490494951585e-02
1.579860789286461828e-02
1.215573848575307765e-02
2.060061044228482866e-02
1.395545945891962965e-02
8.300376143053586273e-03
1.788148979815214895e-02
1.109275099008884442e-02
1.604703879308895867e-02
1.521123435102012672e-02
1.417744532614634810e-02
1.526559619663836118e-02
1.416917420117543361e-02
1.190069784555454480e-02
1.355596979306199906e-02
1.565434483571992094e-02
1.384967354014264573e-02
1.674806984540617993e-02
1.091871566920085516e-02
1.083643662173893775e-02
1.240508329649283800e-02
1.261617468638866028e-02
1.308166369270362915e-02
1.767214954059128859e-02
1.376338394591396404e-02
1.307623056728934516e-02
