1.291396169356028197e-02
1.384278445949458855e-02
1.589270555442113403e-02
1.621271087437200359e-02
1.567582141128419718e-02
1.398999001631865205e-02
1.658852475137887611e-02
1.266232604538204166e-02
1.012203267518379905e-02
1.632797229837157013e-02
1.503581727512196854e-02
1.641636916012822675e-02
1.947278794966546267e-02
1.666806414932205452e-02
1.242884168584924842e-02
1.574821731575366465e-02
1.434487482057074728e-02
1.404443861922064461e-02
1.451724462372838351e-02
1.209763701948020007e-02
9.949760121085530692e-03
1.317834592401545372e-02
1.522953473134209396e-02
1.390995058162404312e-02
1.137286389528303042e-02
1.373178618465588537e-02
1.639038885914778296e-02
1.597064904122185922e-02
1.251775021823744484e-02
1.113255993736779817e-02
1.219144268978682513e-02
1.287498219173303406e-02
1.319137215943312798e-02
1.521054737966419726e-02
1.325554068773628254e-02
1.382181381223965104e-02
1.409158720399797220e-02
1.732517132323420014e-02
1.524374698205764947e-02
1.422321209486559178e-02
1.377771674280143382e-02
1.813776145260105610e-02
1.757914483921991025e-02
1.529222702779878783e-02
1.612180062111325321e-02
1.473918374831379059e-02
1.315773399816047920e-02
1.004446190318292881e-02
1.627751514576284558e-02
1.469621780459558907e-02
1.285649542894973414e-02
1.524563665187025387e-02
1.074157706809881867e-02
1.334754943813186608e-02
1.354958886059546425e-02
1.633412477719179898e-02
1.308805564610420608e-02
1.408887967240963178e-02
1.525252338375787491e-02
1.388865270098709956e-02
1.478987681029813803e-02
1.208773261774653829e-02
1.592753434198059675e-02
1.254265980451936546e-02
1.509635687049660363e-02
1.242861310546030697e-02
1.459309766760133811e-02
1.425330377391469290e-02
1.357472583577026132e-02
1.667312384322797505e-02
