1.191607316433837722e-02
1.279442255732706618e-02
1.339762605562467429e-02
1.866719781818641094e-02
1.286566873306861473e-02
9.959974235023214342e-03
1.508658781851727332e-02
1.617860305223622203e-02
1.286042569407712215e-02
1.644642852157580243e-02
1.207886771590155860e-02
1.435564903029454796e-02
1.018076725720343245e-02
2.047844379297130910e-02
1.252691124598135676e-02
1.434755375206360831e-02
1.449710360231464858e-02
1.449721783285605817e-02
1.415758866214337705e-02
1.385197296581016681e-02
1.049571230894660694e-02
1.211301072437895830e-02
1.579169865879160445e-02
1.482301908185819708e-02
1.674137389503532400e-02
1.604813681895794417e-02
1.633048574766824551e-02
1.315086842013702371e-02
1.503267186917596650e-02
1.482297663147743617e-02
1.615902039467869908e-02
1.566378285495310940e-02
2.078408832702023992e-02
1.186239663056030090e-02
1.095437767225712448e-02
1.251182028390068757e-02
8.633493354425585131e-03
1.488201958933344816e-02
1.054909704941207546e-02
1.425631213942577316e-02
1.508548342249528204e-02
1.303411846051878362e-02
1.379627139138155101e-02
1.578972790124491543e-02
1.079598936178255073e-02
1.593837855238673662e-02
1.217879868394164226e-02
2.350179997681391131e-02
1.576720088025546085e-02
2.035299462712328311e-02
1.296748076531495722e-02
1.569732718390365322e-02
1.695657817029842460e-02
1.587287136955417219e-02
1.238110022245623304e-02
1.564254743948893453e-02
1.248248295346781299e-02
1.555797863388375460e-02
1.364758668716005430e-02
1.309107591299457120e-02
1.386859160209640701e-02
1.195470292117692401e-02
1.375637136720454269e-02
1.288595875960940433e-02
1.228904524961631911e-02
1.414366702830977852e-02
1.858559067161277834e-02
1.288448164826872140e-02
1.318139430714967454e-02
1.316095788857973674e-02
