6.200000000000000000e+01
6.200000000000000000e+01
6.200000000000000000e+01
3.300000000000000000e+01
3.700000000000000000e+01
3.700000000000000000e+01
3.700000000000000000e+01
3.700000000000000000e+01
6.200000000000000000e+01
3.700000000000000000e+01
3.700000000000000000e+01
6.100000000000000000e+01
6.100000000000000000e+01
3.700000000000000000e+01
3.700000000000000000e+01
6.500000000000000000e+01
6.500000000000000000e+01
6.500000000000000000e+01
6.500000000000000000e+01
6.500000000000000000e+01
6.500000000000000000e+01
6.500000000000000000e+01
6.500000000000000000e+01
4.100000000000000000e+01
6.500000000000000000e+01
4.100000000000000000e+01
6.500000000000000000e+01
6.500000000000000000e+01
6.500000000000000000e+01
6.500000000000000000e+01
9.000000000000000000e+00
9.000000000000000000e+00
9.000000000000000000e+00
9.000000000000000000e+00
9.000000000000000000e+00
4.900000000000000000e+01
9.000000000000000000e+00
4.900000000000000000e+01
9.000000000000000000e+00
5.000000000000000000e+00
9.000000000000000000e+00
9.000000000000000000e+00
9.000000000000000000e+00
4.900000000000000000e+01
5.000000000000000000e+00
2.100000000000000000e+01
5.800000000000000000e+01
5.800000000000000000e+01
5.000000000000000000e+01
5.800000000000000000e+01
5.800000000000000000e+01
5.800000000000000000e+01
5.800000000000000000e+01
5.800000000000000000e+01
5.000000000000000000e+01
6.400000000000000000e+01
6.400000000000000000e+01
5.000000000000000000e+01
6.400000000000000000e+01
6.400000000000000000e+01
4.200000000000000000e+01
1.000000000000000000e+01
4.200000000000000000e+01
1.000000000000000000e+01
4.500000000000000000e+01
1.000000000000000000e+01
4.500000000000000000e+01
4.200000000000000000e+01
3.100000000000000000e+01
3.100000000000000000e+01
3.100000000000000000e+01
1.000000000000000000e+01
1.000000000000000000e+01
1.500000000000000000e+01
1.500000000000000000e+01
5.700000000000000000e+01
1.900000000000000000e+01
5.700000000000000000e+01
5.700000000000000000e+01
1.800000000000000000e+01
5.700000000000000000e+01
1.900000000000000000e+01
1.900000000000000000e+01
1.900000000000000000e+01
1.900000000000000000e+01
1.900000000000000000e+01
1.900000000000000000e+01
1.900000000000000000e+01
1.900000000000000000e+01
1.900000000000000000e+01
6.000000000000000000e+01
6.000000000000000000e+01
4.400000000000000000e+01
4.400000000000000000e+01
7.000000000000000000e+00
1.300000000000000000e+01
6.000000000000000000e+01
7.000000000000000000e+00
7.000000000000000000e+00
6.000000000000000000e+01
4.400000000000000000e+01
4.000000000000000000e+00
4.400000000000000000e+01
5.000000000000000000e+00
7.000000000000000000e+00
