1.248501998251183402e-02
1.597747631726261289e-02
1.553611373993370876e-02
1.134837859844590492e-02
1.507015366209708655e-02
1.654672547590818263e-02
1.601739369906566082e-02
1.984097410673729689e-02
1.304504587263758883e-02
1.620754586232684216e-02
1.625026802945264692e-02
1.381613427080850137e-02
1.580397210620218887e-02
1.392818338986830280e-02
1.581143397332479897e-02
1.080034666936201607e-02
1.233973643665947119e-02
1.276031199444725532e-02
1.366674703730704626e-02
1.939934614956856374e-02
1.542828279854923691e-02
1.542284505488549645e-02
1.438499941541032841e-02
1.464602033702081148e-02
1.373011874660713498e-02
1.541639900984792880e-02
1.214898824880757643e-02
1.495481839185666510e-02
1.458698343380093396e-02
1.311565320357767524e-02
1.044946619560081259e-02
1.568563407147216537e-02
1.179763865179381775e-02
1.335538779825642605e-02
1.353273760982496438e-02
1.035017496617239227e-02
1.800523867852958301e-02
1.875837238437542270e-02
1.332961294479414853e-02
1.025005240349874218e-02
1.163002850520613619e-02
1.310347555914681550e-02
1.659012222506208584e-02
1.014628320692287887e-02
1.688867705873276989e-02
1.272062624599235026e-02
1.489720909478416296e-02
1.161963767841954313e-02
1.175832543607744675e-02
1.281994337038957175e-02
1.376353764703869796e-02
1.362344097548421479e-02
1.048343154497989073e-02
1.376337114410346868e-02
1.251796372950442215e-02
1.534830176110832563e-02
1.111025476731648635e-02
1.435566397419511982e-02
2.163334870469042423e-02
1.210852888645647107e-02
1.683713657160507138e-02
1.499144336887604095e-02
1.494390196515046031e-02
1.161537846166906321e-02
2.039745990894904076e-02
1.610582374563220009e-02
1.625838323524279871e-02
1.715886162689581051e-02
1.230974804571482485e-02
1.249895983604350051e-02
