1.627128421034254591e-02
1.365672122225235381e-02
1.343822873699354950e-02
1.901257314314419578e-02
1.440859547728947504e-02
1.445371012957027100e-02
1.124808055770133708e-02
1.538070082032853142e-02
1.604108643310417706e-02
1.180573722974708091e-02
1.704236787918030072e-02
1.275572455053146544e-02
1.929722451890476115e-02
1.420284864008901186e-02
9.059167651410585109e-03
1.840210907642574403e-02
1.260890571306507932e-02
1.566994140811919789e-02
1.844588876173845760e-02
1.301984917974195570e-02
1.224899106488254279e-02
1.630569643146218689e-02
1.330408898367623112e-02
1.424573544785219352e-02
1.667585168411946095e-02
1.403108880633629867e-02
1.526713251716239200e-02
1.383858219718220664e-02
1.311063391650062367e-02
1.398189530803545765e-02
1.150697019392063133e-02
1.173348879586627591e-02
1.592409291093320120e-02
1.331170810406542664e-02
1.567295134938425510e-02
1.135845273437705548e-02
1.090901421805946445e-02
1.916171689444540541e-02
1.543529574864419690e-02
1.433893248174086463e-02
1.155144196935588806e-02
1.738024149642268534e-02
1.514644997838272486e-02
1.553750947464537478e-02
1.260692353362419769e-02
1.104884495706458941e-02
1.619126224907490794e-02
1.499917828044810934e-02
1.370315151020984855e-02
1.315745501649984855e-02
1.128398094336120067e-02
1.783459273301247691e-02
1.467546887111376153e-02
1.255351677986204541e-02
1.267086698918612822e-02
1.426925545208863021e-02
1.236076232849894416e-02
1.315929992460647228e-02
1.384255429859319181e-02
1.513607759582043071e-02
1.763977630034941832e-02
2.039863064574503129e-02
1.615336130845200155e-02
1.131916767181530281e-02
1.193696435553251445e-02
1.492478683277008965e-02
1.135883912442834341e-02
1.327142891836905966e-02
1.265613023107360971e-02
1.264901510126695966e-02
