1.472974420836996659e-02
1.210644864331127286e-02
1.156915014798180243e-02
1.480900933983553269e-02
1.822920212277386737e-02
1.483448096277209874e-02
1.252443128116833594e-02
1.632313242718098564e-02
1.441792173406036826e-02
1.293494599397688669e-02
1.670634019178966756e-02
1.587887948941443805e-02
1.320084028555307785e-02
1.260576367042539649e-02
1.559056342502064541e-02
1.090479581654123405e-02
1.501109424709764009e-02
1.539261888332471052e-02
1.864454285882970186e-02
1.425389570711827272e-02
1.258689826027673681e-02
1.692263464191767069e-02
1.439693544918741949e-02
1.446680374291888470e-02
1.284862210991084136e-02
1.233288322729438405e-02
1.465114599901708864e-02
1.384141834711270259e-02
1.485662907106224777e-02
1.511356369452505552e-02
1.537584690187032872e-02
1.554803612095680306e-02
1.262240911602271164e-02
1.761500017521416134e-02
1.199390689548499207e-02
9.880103712714178796e-03
1.146008086599875804e-02
1.450006582402313220e-02
1.422843735409868096e-02
1.322738745115280279e-02
1.386328245419676981e-02
1.654478888618568511e-02
1.368939644112976937e-02
1.329595634998183111e-02
1.452160895100226660e-02
1.390806878809794020e-02
1.267952367204660744e-02
1.382412918432325034e-02
1.159869510453284160e-02
1.797965511002347014e-02
1.073394799436851350e-02
1.488891350380265946e-02
1.341498494981638312e-02
1.283478079682460853e-02
1.494850425232560967e-02
1.231368519061404494e-02
1.244785576760416151e-02
1.340705122968885617e-02
1.625340203867867844e-02
1.278844755584762800e-02
1.236306626285737197e-02
1.482778054597183592e-02
1.338099362507023764e-02
1.388483887269606129e-02
1.651390521139335307e-02
1.724028356642851034e-02
1.735560627086975977e-02
1.055691640930565660e-02
1.685276987137927784e-02
2.195055074563060510e-02
