1.391423815284259860e-02
1.584547620595784176e-02
1.285668797703543899e-02
1.377399303913879811e-02
1.419026345827290210e-02
1.423111573183159610e-02
1.660270286441255239e-02
1.395636210208997703e-02
1.473366525503242395e-02
1.304894642921834193e-02
1.984072610781957569e-02
1.582699335427553353e-02
1.378206342111649128e-02
1.443770709804398887e-02
1.637103846780298480e-02
1.474984478185118776e-02
1.468885074246403973e-02
1.345106021569287928e-02
1.663410292998881990e-02
1.397123978761795511e-02
1.504702850515611014e-02
1.623245285818957981e-02
1.019056164005283094e-02
1.127641068778361712e-02
1.273244204150772441e-02
1.517871378324646067e-02
1.749558116148389186e-02
1.342024894392711276e-02
1.327218447936744095e-02
1.394535833330391023e-02
1.947890435381514559e-02
1.789874230136217007e-02
1.592226674008109452e-02
1.390751529101106124e-02
1.464411524206461063e-02
1.575808356591058834e-02
1.373384917057284514e-02
1.716067278118538555e-02
1.010558767539964341e-02
1.115324073588700067e-02
1.191771816547590283e-02
1.474003470663814291e-02
1.379711306513869973e-02
1.324527362054513970e-02
1.346508136153147170e-02
1.803151738582386976e-02
1.122116179253139501e-02
1.023402362426941922e-02
1.161351187462532700e-02
1.542576260156542332e-02
1.390521477864479875e-02
1.152433136046589028e-02
1.324773042845620724e-02
1.331365584159145514e-02
1.697672506052673447e-02
1.430378826943159987e-02
1.682446835664225607e-02
1.726084880642692401e-02
1.420633303259501504e-02
1.570991920259975222e-02
1.127244194541818928e-02
1.463541294818686625e-02
1.419278525470431783e-02
1.192924944329385416e-02
1.368600153770976012e-02
1.607399283328818373e-02
1.412543995049221623e-02
1.008567566955366479e-02
1.324321363899624154e-02
1.433053502901720372e-02
