1.517888035071751109e-02
1.270953279294018828e-02
1.482965260798699454e-02
1.547151600481581207e-02
1.399903536416653715e-02
1.701459446427127514e-02
1.312033818703255660e-02
1.253652233812896019e-02
1.623719509400800565e-02
1.189126809141371165e-02
1.369424276385408645e-02
1.472326826702569959e-02
1.688648384520579845e-02
1.128673272059404695e-02
1.586042403752844707e-02
1.415564171531688044e-02
1.175121390928659387e-02
1.556700639332391639e-02
1.501561985691551339e-02
1.551090062311232497e-02
1.317735610772602373e-02
1.357390566680824300e-02
1.493110681657980852e-02
1.433831304120931037e-02
1.691634185367489954e-02
1.192373291979111072e-02
1.380994720041426628e-02
1.801023291512933444e-02
1.531755575253090570e-02
1.122233715738365709e-02
1.593896363336110358e-02
1.270455375573344148e-02
1.682293576728515275e-02
9.327997431701479450e-03
1.316413746288895049e-02
1.422164347385679838e-02
1.611293430855632175e-02
1.272262674786301187e-02
1.658528071757633601e-02
1.395727568720369835e-02
1.323604392178283004e-02
1.417000404843248365e-02
1.673295107795814626e-02
1.646703961491450055e-02
1.727803701118446611e-02
1.411542404284011135e-02
1.669826086249213623e-02
2.021754176768252725e-02
1.572351742832016341e-02
1.325859821796811396e-02
1.358410059129068655e-02
1.027900889772796408e-02
1.471675298303056108e-02
1.128080715072375152e-02
1.837048477204614519e-02
1.140258188373151522e-02
1.418256454454827620e-02
1.832555675294557720e-02
1.248492054659523613e-02
1.396196945837786460e-02
1.260777036015346166e-02
9.821694176264429005e-03
1.425498093833296384e-02
1.536846159299914798e-02
1.506635240826258680e-02
1.298027286990777705e-02
1.063123187905407920e-02
1.501064865738984885e-02
1.383178805712333148e-02
1.172138564100067872e-02
