1.464464223848296193e-02
1.627703714041006319e-02
1.378401910685656505e-02
1.357423209214079010e-02
1.549132693226402090e-02
1.041188476861206087e-02
1.398867223688210135e-02
1.359184226696867615e-02
1.452576910429606745e-02
1.450473989654820980e-02
1.680836038223679565e-02
1.496550602224148291e-02
1.234588434427248867e-02
1.642314222706345653e-02
1.007981833935250524e-02
1.008035924545225108e-02
1.596549068166786683e-02
1.176696020533887777e-02
1.431398692473707240e-02
1.357473873504980860e-02
1.200776435604182513e-02
1.301491194812041778e-02
1.244902718284788753e-02
1.547253163834129419e-02
1.448123174512334910e-02
1.334194655357844907e-02
1.295752848367633103e-02
1.039262136880313506e-02
1.328333524190098043e-02
1.255746885650557698e-02
1.276011843348117542e-02
1.581544815502122434e-02
1.433243939711410266e-02
1.505110544877301740e-02
1.298239582265588860e-02
1.372310119021115903e-02
1.434400209860306127e-02
1.683754186703447994e-02
1.274896783453040999e-02
1.058462304283086346e-02
1.508834979230818871e-02
1.567462878537069504e-02
1.466914563990596825e-02
1.466217884472601624e-02
2.021205287590720559e-02
1.152011165675852038e-02
1.380247125493103653e-02
1.193759519780647309e-02
1.351484735006653129e-02
1.477714599116619273e-02
1.829316657542837121e-02
1.159240527164862207e-02
1.506423943892453397e-02
1.544030663196096186e-02
1.573754750154944884e-02
1.512517102588681502e-02
1.609797896620476093e-02
1.144428557589948110e-02
1.567929410587511063e-02
1.213496530926369728e-02
1.398725922412026763e-02
1.938897170629472200e-02
1.710549393577343383e-02
2.276650860429856385e-02
1.425056183526943361e-02
1.390932741608997755e-02
1.610421086760199447e-02
1.311702817229360926e-02
1.840000372501322812e-02
1.224622316558749736e-02
