1.395949870312660455e-02
1.276178373591385987e-02
1.393870770897269983e-02
1.447852565759729163e-02
1.598741543112741983e-02
1.651807447937185189e-02
1.235947521295285845e-02
9.715059553917994653e-03
1.329091410569510981e-02
1.568136209556794669e-02
1.190822901986454165e-02
1.560589679049350677e-02
1.438472311056577732e-02
1.647740423326172002e-02
1.794434624384032284e-02
1.160787512271032121e-02
1.016772017430363044e-02
1.362492488856222213e-02
1.603716055566421772e-02
1.814273003876240575e-02
1.838260450007024593e-02
1.401964466557639906e-02
1.638902260057640420e-02
1.426969475549458646e-02
1.467352280419101894e-02
1.046673956457321725e-02
1.312566144481288645e-02
1.540185551126511086e-02
1.565675648779291801e-02
1.284208783006867381e-02
1.474992899096786748e-02
1.206754562383019654e-02
1.738738862628782383e-02
1.813372828800398004e-02
1.787855561579689695e-02
1.397601494913717352e-02
1.367462091772847672e-02
1.222186914486859434e-02
1.447687361384370798e-02
1.484597205997178516e-02
1.644192449011831758e-02
2.209455409667568718e-02
1.687059396442287112e-02
1.271346906252248006e-02
1.525859510609758017e-02
1.231094552055106602e-02
1.457584968612245582e-02
1.819980143582125912e-02
1.131997819100520782e-02
1.192764000019154620e-02
1.711176389794305530e-02
1.332380859163977312e-02
1.091957470971995602e-02
1.446115540259637622e-02
1.219935554342115903e-02
1.350899091106743700e-02
1.363665582239476093e-02
1.284669372668337944e-02
1.356564968848712228e-02
1.274964403142047481e-02
1.287753933064038174e-02
1.063531853740963540e-02
1.400969620152659953e-02
1.327469739747175019e-02
1.353921709006749088e-02
1.202861232350232491e-02
1.725088388378930027e-02
1.276694408663120277e-02
1.343439476172361355e-02
1.491413765120586099e-02
