1.312758538394526858e-02
1.235449160680142551e-02
1.340515420393161190e-02
1.240116066641161474e-02
1.362792783714578126e-02
1.352677357082940866e-02
1.399201140666571710e-02
1.319957381625318227e-02
1.571419820131614645e-02
1.176302377651077327e-02
1.604907321951100363e-02
1.756701750493097972e-02
1.499532369684666855e-02
1.271973423650886968e-02
1.598463717861934447e-02
1.378489260043297936e-02
1.259911767920957049e-02
1.314466566886018928e-02
1.543837417887212668e-02
1.367513442312630681e-02
1.503700100501579109e-02
1.310222044115875485e-02
1.661418654576515830e-02
1.373040023279363357e-02
1.133497143302470908e-02
1.546181234223368249e-02
1.282827686107783534e-02
1.518989447880302567e-02
1.184666269340151762e-02
1.529324781662224318e-02
1.766288624846195504e-02
1.825467152223748252e-02
1.209501268249996153e-02
1.652325146554389779e-02
1.618657121266980220e-02
2.122258220498000197e-02
1.149611871709306683e-02
1.553606635587099875e-02
1.166004575569286848e-02
1.268071774233895700e-02
1.154290811127394595e-02
1.550095752708805126e-02
1.729123885177474840e-02
1.548178250170620385e-02
1.404970608154045876e-02
1.373949767367478418e-02
1.113313971091805903e-02
1.443372147324141486e-02
1.382875265261341614e-02
1.698179153790835283e-02
1.361970189302812162e-02
1.419193375655495963e-02
1.332384495503439494e-02
1.592971090814790380e-02
1.297657251815496904e-02
1.284765707435297534e-02
1.714901594836041807e-02
1.455652947489821138e-02
1.686180475890931146e-02
1.349512899705627121e-02
1.623016439057528223e-02
1.649073576300571706e-02
1.366912722780904213e-02
1.576346504164432769e-02
1.994661598662109819e-02
1.350982501484180275e-02
1.141656302123715376e-02
1.187460172496975983e-02
1.003682792829822291e-02
9.300208880746783577e-03
