1.552016022251459341e-02
1.547574587940847395e-02
1.334924264893989389e-02
1.686614605738136555e-02
1.236759809882899581e-02
1.518059462553922843e-02
1.320396185499627534e-02
1.301676923307754953e-02
1.452230532160920899e-02
1.697098709435046829e-02
1.697320704492916166e-02
1.737056956809073308e-02
1.373670070485476756e-02
1.775816869821109090e-02
1.513757127361537065e-02
1.551862416874632070e-02
1.369418779896372160e-02
1.266802335804532997e-02
1.600103723624432192e-02
1.365694214589247696e-02
1.265600410801858040e-02
1.207861879621807341e-02
1.490164931005373908e-02
1.438010982510619026e-02
1.417056021213061560e-02
1.244939368173126476e-02
1.340210012099378803e-02
1.488589669347287203e-02
1.291160778635763902e-02
1.556909768021573319e-02
1.250355789641887684e-02
1.577097553686053477e-02
1.306964774193041488e-02
8.518235476593338448e-03
1.406592550417650085e-02
1.196393831586330288e-02
1.418153164311223777e-02
1.462469468060033362e-02
1.390454017198555076e-02
1.134471431396681836e-02
1.555631930002542365e-02
1.815539993581217690e-02
1.663222150042152972e-02
1.489246718989129144e-02
1.523986187356932316e-02
1.408212250328748881e-02
1.382847981008456135e-02
1.649036183080772669e-02
1.509623706321728404e-02
1.337589446333602682e-02
1.516970838805921200e-02
1.222617127180529104e-02
1.503417591331115272e-02
1.307562251158655812e-02
1.224282066443542309e-02
1.507281299172443835e-02
1.290577707033022624e-02
1.947841000843463649e-02
1.700225905250867670e-02
1.384077587302858132e-02
9.340081936702831697e-03
1.325589861270890131e-02
1.163756458062664874e-02
1.324281015926282931e-02
2.165825614450086339e-02
1.498291861909061516e-02
1.316302308596961797e-02
1.513800470622605164e-02
1.114074074190935654e-02
1.070145966727961175e-02
