1.510068986620351390e-02
1.806154403649984017e-02
1.631714970627621761e-02
1.672473452060391913e-02
1.364762584910473101e-02
1.313531927795019705e-02
1.264281846089135644e-02
1.198607300398432489e-02
1.188501938090536642e-02
1.191715472629798628e-02
1.337808488134892629e-02
1.814515110300284062e-02
2.437276289363991821e-02
1.666118799363054334e-02
1.535014182518204540e-02
2.030645758175784674e-02
1.807785717361017064e-02
2.127455154794469575e-02
1.491856078061748990e-02
1.559423193149666112e-02
1.113707878478346729e-02
1.449255615135872435e-02
1.212669771197192291e-02
1.556738896070906236e-02
1.501702785443408301e-02
1.183061245171355795e-02
1.179050639137210754e-02
1.105280615210868164e-02
1.865400213594469933e-02
1.255521025351066799e-02
1.245947342356968322e-02
1.504819550733510307e-02
1.782175977109799400e-02
1.484025655155083584e-02
1.487470117854213306e-02
1.153676499087790026e-02
1.465681877049857668e-02
1.331605770400677395e-02
1.508172434020965159e-02
1.328440222945200672e-02
1.184564147467970924e-02
1.201066026373061660e-02
1.421823696805004505e-02
1.094256023850039873e-02
1.517015224189769557e-02
1.316317874103053488e-02
1.321318982719249871e-02
1.470868207778933297e-02
1.222410655825438043e-02
1.304028626465930998e-02
1.358908746414042197e-02
1.523429209034840928e-02
1.250008589208716561e-02
1.164498330996427064e-02
1.136421233352296473e-02
1.308731447527229468e-02
1.410265819855324732e-02
8.914332477949128697e-03
1.343102367910895163e-02
1.519008279459311411e-02
1.470527912651756371e-02
1.482379661160398467e-02
1.320208167631661995e-02
1.415494447543776124e-02
1.545237298609367094e-02
1.548595464675956226e-02
1.433126855666271536e-02
1.599362757149291187e-02
1.299067279868267727e-02
1.262407632311197091e-02
