1.345056378890063103e-02
1.479002539725398843e-02
1.531488010471107782e-02
1.588878792843778295e-02
1.538246832705336686e-02
1.349532262845557114e-02
1.096707654389876378e-02
1.605243152569831369e-02
1.440521813763966617e-02
1.335362360175005106e-02
1.288379982006960557e-02
1.500011313657645222e-02
1.176672460570017502e-02
1.448991264277167679e-02
1.136263261293093962e-02
1.249612753028311873e-02
1.699084892311129164e-02
1.434002766987788578e-02
1.242702126302816339e-02
1.233721145404830834e-02
1.712255542318251791e-02
1.541190460243149589e-02
1.257418730223384788e-02
1.268374547230973100e-02
1.744541610722772154e-02
1.451747553796699057e-02
1.483635566855081786e-02
1.468918495990958681e-02
1.877304163045174709e-02
1.053443720880954670e-02
1.046361101795436829e-02
1.426136895031630304e-02
1.340374148807812506e-02
1.455974516554143020e-02
1.739801026457267821e-02
1.392155729626940765e-02
1.319537727607723344e-02
1.231850265794470767e-02
1.236902527506429476e-02
1.303068355643273446e-02
1.247693192456535843e-02
2.168878673673834551e-02
1.588584993208463220e-02
1.319699752579129269e-02
1.886840464208881796e-02
1.669190721804997626e-02
1.412912583941877860e-02
1.310302517798490191e-02
1.554395800891589415e-02
1.065055419155624787e-02
1.779407239911907218e-02
1.286193359722824503e-02
1.128731964472031932e-02
1.940366758141414891e-02
1.536406615973147198e-02
1.506947065186054098e-02
1.657902950084762933e-02
1.228793340719599655e-02
1.593851472512965162e-02
1.564717836630972678e-02
1.592982239225307697e-02
1.141855453183697119e-02
1.352524037484123878e-02
1.832015763631664532e-02
1.354430572933816058e-02
1.069520279338640432e-02
1.239843654287480813e-02
1.660586146654047593e-02
1.301323484293143498e-02
9.375711955407560472e-03
