1.523452040575803967e-02
1.259443713373041215e-02
9.697810962898472179e-03
1.475914491511356834e-02
1.390819296381221905e-02
1.432715312904259131e-02
1.723082805523902181e-02
1.170449731417459033e-02
1.314248191308023915e-02
1.399625065008252948e-02
1.652723869402702647e-02
1.281649465532344254e-02
1.532493188923845021e-02
1.404224550638061286e-02
1.331972114769944954e-02
1.455864420826160494e-02
1.645795446646795834e-02
1.183477259602017453e-02
1.578654976880060692e-02
1.247228920914346742e-02
1.310128394116314224e-02
1.886098234445145530e-02
1.401393289835310349e-02
1.271691247372584536e-02
1.859200894727055034e-02
1.534557499622808338e-02
1.334085720327635519e-02
1.805569245256375202e-02
1.468560414679946115e-02
1.025869773217874537e-02
1.394459447227710917e-02
1.052865180095833783e-02
1.450637010413107983e-02
1.474112405966003514e-02
1.382775030465231529e-02
1.293860361976275491e-02
1.527411323992103852e-02
1.328653915882124781e-02
1.328901214402866855e-02
1.586451558829256314e-02
1.537759918908259728e-02
1.572390500722131018e-02
1.913553874113940734e-02
1.508451829451363212e-02
1.519074665898696372e-02
1.475610857412921161e-02
1.790914954658806568e-02
1.520700369580572225e-02
1.602773216574910828e-02
1.805763324309297632e-02
1.549861347369189089e-02
1.559457077748559878e-02
1.273351581284685140e-02
1.514078512574720640e-02
1.473993517621970117e-02
1.176637839518224378e-02
1.199447488258081375e-02
1.235934224583685667e-02
1.106849737950171830e-02
1.095055033576649087e-02
1.437335692432855500e-02
1.564699013107416839e-02
1.131080460456783225e-02
1.159712293872749815e-02
1.121681302135925200e-02
1.446243744704710753e-02
1.365903574846062327e-02
1.449170419739894550e-02
1.786088227701399661e-02
1.415527277604332855e-02
