1.413404302436675752e-02
1.458775698752282600e-02
1.523760905662475268e-02
1.307349402843711178e-02
1.407067446785279299e-02
1.471015788237942275e-02
1.001575428745267102e-02
1.377467748678691539e-02
1.622343659563984380e-02
1.466496097713947469e-02
1.856399843417968348e-02
1.856133270466194321e-02
1.045350145684805984e-02
1.381003578960560141e-02
1.565945211298455306e-02
1.236355903012018899e-02
1.529577914792435052e-02
1.600069630225310624e-02
1.314856840292927612e-02
1.279032187466857921e-02
1.453047344628063085e-02
2.151927574180227329e-02
1.497978324051495690e-02
1.558250913945885899e-02
1.622294717382439036e-02
1.230155599882647513e-02
1.100034971399914061e-02
1.389330291911124518e-02
1.189888205998817193e-02
1.485569584390666539e-02
2.524073605149856209e-02
1.303196194995930382e-02
1.180943770066529563e-02
1.157821629321823323e-02
1.591415107743507015e-02
1.111896255488555897e-02
1.206327905499024467e-02
1.351560647203688299e-02
1.236297740357157789e-02
1.494270946158425539e-02
1.274274182038617753e-02
1.433212416919436676e-02
1.385592707461744122e-02
1.528268431285765942e-02
1.695162984219862612e-02
1.317273164212600343e-02
1.601612820617577537e-02
1.541752744889273753e-02
1.238187724937535837e-02
1.407928268111144875e-02
1.731067477019420167e-02
1.129342591935499941e-02
1.458897315307436902e-02
1.780696315820120418e-02
1.318932722697660140e-02
1.270981382130297564e-02
1.614317099198361166e-02
1.387895440440624871e-02
1.316776472616527395e-02
1.266860110753828712e-02
1.463393255734462758e-02
1.241833917641810975e-02
8.719185952313792884e-03
1.553499085078603216e-02
1.454261546817385391e-02
1.446991856018848936e-02
1.530623604862176891e-02
1.027885282329005050e-02
1.460793162336646890e-02
1.699504986542771379e-02
