2.093706673258256129e-02
1.513331880102847422e-02
1.535088258170758287e-02
1.483213828034098125e-02
1.249423531445181985e-02
1.453829799324454775e-02
1.483978764856165068e-02
1.439569816729144129e-02
1.632352076569199700e-02
1.277469406431719530e-02
1.199837285193213789e-02
1.241068674620222391e-02
1.262340728697450634e-02
1.512590360885820995e-02
1.378626572409806170e-02
1.182141225104319134e-02
1.230196433851122630e-02
1.184376467810292939e-02
1.584334550198604474e-02
1.070707082807213079e-02
1.582365975281111933e-02
1.368763883907556274e-02
1.390460866297648854e-02
1.250950812572385398e-02
1.514737471597390160e-02
1.208754568782397128e-02
1.506066286615172570e-02
1.697406498752737289e-02
1.512827458450915347e-02
1.592773041322429958e-02
1.587314104693682976e-02
1.298633491070599368e-02
1.636560132626653508e-02
1.243844152229944301e-02
1.944223406152304975e-02
1.453982080678640175e-02
1.291357492188926516e-02
1.930044891068888324e-02
1.325772399900317609e-02
1.048841053236943682e-02
1.174749972581926385e-02
1.192507755365958266e-02
1.541042311242336003e-02
1.526572809445312685e-02
1.650590457909277900e-02
1.632659342112593309e-02
2.085840212972963140e-02
1.935273761512941795e-02
1.320145636465944010e-02
1.344185705576544064e-02
1.468677921408929540e-02
1.268162398817876575e-02
1.226894433659094300e-02
9.909088964766341392e-03
1.325710125248224201e-02
1.378405996721907348e-02
1.358250172794933652e-02
1.845682996460989295e-02
1.194366539682941396e-02
1.433044865665282670e-02
1.417660284539442109e-02
1.280457892815713497e-02
1.331466494914101094e-02
1.127993760805265366e-02
1.525721110710042717e-02
1.405442025643644302e-02
1.495614463624202542e-02
1.252814475118331841e-02
1.300467949480339086e-02
1.574825746299758633e-02
