1.624964122764937374e-02
1.381068322199329075e-02
1.610181353606738100e-02
1.247939313021552941e-02
1.217394991346357029e-02
1.437670675498399150e-02
1.852133932697222832e-02
1.483831581419079934e-02
1.324689011722846380e-02
1.631014026016819676e-02
1.141581415264582289e-02
1.492671172397202345e-02
1.344450978383037419e-02
1.481007906479104262e-02
1.465814704001955522e-02
1.604321339819917563e-02
1.496987979367640428e-02
1.367552740309976693e-02
1.095619379463925319e-02
1.417147270215662544e-02
1.276834202645385323e-02
1.532379791342054071e-02
1.568680776180124761e-02
1.309298439324431233e-02
1.481703331282615242e-02
1.214420135684315602e-02
1.443073800302336479e-02
1.404799074029465349e-02
1.240992673463234969e-02
1.096686837975408522e-02
1.556506354885986779e-02
1.277359525385371453e-02
1.264063792304427440e-02
1.439608104804761257e-02
1.254842399876113755e-02
1.328360701262135818e-02
1.621292825579927210e-02
1.339172710384328724e-02
1.737543442085209833e-02
1.641328531403154004e-02
1.304356672538393123e-02
1.589932919318318497e-02
1.335197400065948545e-02
1.330629870327090097e-02
1.537033416159326246e-02
1.654274135226389136e-02
1.398204564879122931e-02
1.771413404534089020e-02
1.805514772717842914e-02
1.398646972001971883e-02
1.362770611565634025e-02
1.689357352681298066e-02
1.491379128707809656e-02
1.080490981637040500e-02
1.446065504464211574e-02
1.338186163423686799e-02
1.563309151060386301e-02
1.610814740465260284e-02
1.326124717385578078e-02
1.635823175463439402e-02
1.350653510688371202e-02
1.325808141316977759e-02
1.346061200765281268e-02
1.327347052656988914e-02
1.171727961705204893e-02
1.231535966919758592e-02
1.502152962940425142e-02
1.505551216927113536e-02
1.480626494871257158e-02
1.342020170388719645e-02
