1.515550184661727806e-02
9.390182511384971217e-03
1.513290395762787420e-02
1.073020707865943342e-02
1.305766537624516131e-02
1.293111141158923526e-02
1.215405809536620856e-02
1.550095789087799561e-02
1.250311306926477940e-02
1.383261940992313623e-02
1.547240099150012753e-02
1.569655342793306249e-02
1.544569702383564828e-02
1.482870129200081905e-02
1.426611346042728351e-02
1.378470823957119416e-02
1.596027548532774620e-02
1.358783821154761762e-02
1.613561413671029537e-02
1.693856272121187223e-02
1.025853308977348576e-02
1.533951816983173885e-02
1.448377772507081045e-02
1.901999629188146773e-02
1.333535221135863369e-02
1.271106786480258148e-02
1.341356552289038780e-02
1.260286817366669358e-02
1.286893210096686641e-02
1.647751858980963172e-02
1.473070357069702560e-02
1.495370791100652727e-02
1.509988129570992085e-02
1.507590701095794239e-02
1.452773933846932333e-02
1.237600968190086248e-02
1.643264337784026974e-02
1.628811221111591684e-02
1.437361397072525228e-02
1.177183059554800029e-02
2.008418652209929475e-02
1.350397750742530004e-02
1.172952568240281587e-02
1.503675720065129548e-02
1.303887612937885791e-02
1.169811616353941437e-02
1.481681686712557101e-02
1.404669311680205313e-02
1.223974737979175408e-02
1.593137648028722028e-02
1.137942973106656139e-02
1.883761122852418285e-02
1.371022793464383993e-02
1.113919185463612023e-02
1.502200371408811234e-02
1.472368121734048997e-02
1.190031214349710452e-02
1.338853113694994830e-02
1.498612113077627678e-02
1.390797490300935135e-02
1.390998700451214279e-02
1.512809693801143995e-02
1.393878758904418258e-02
1.577748966001828179e-02
1.973155508944323538e-02
1.449066330489522277e-02
1.868849217467336704e-02
1.377635397838581667e-02
1.479175312400045697e-02
9.999598751335186941e-03
