3.048213408803244692e-02
2.054231273786517181e-02
1.603862631043192002e-02
1.792785197737325684e-02
2.182195542996772167e-02
1.944727949377427628e-02
2.242296258761096450e-02
2.018280094927338633e-02
1.694688131010309989e-02
1.589734450011607778e-02
2.223589413378146071e-02
2.068972465954913714e-02
1.903432369614292338e-02
1.784682571248343008e-02
1.875477897546350831e-02
1.667639400418398365e-02
1.753534012838079553e-02
1.811355659819290087e-02
1.930891406046311015e-02
1.890519239217255953e-02
1.877062918766595270e-02
2.187854364185031972e-02
1.655758722080891837e-02
1.706490036201835023e-02
1.502503438257769657e-02
1.992866156877374714e-02
1.878420744442899082e-02
2.115920153557256794e-02
1.860992447097096006e-02
2.294131530719377768e-02
1.759330926342613649e-02
1.957492114223025742e-02
1.814539611445016923e-02
2.270192410429792626e-02
1.812335300811585698e-02
1.982829558763584202e-02
2.165870143240393453e-02
2.818479727844932017e-02
2.319066711375866729e-02
1.880561030702651917e-02
1.961678180635681099e-02
2.144644267904248502e-02
1.854269684033928514e-02
2.114548290361316710e-02
2.288371728667201038e-02
1.716367279628280493e-02
2.598478480253820985e-02
1.873835754723230176e-02
2.615318031743027807e-02
1.898680880147432526e-02
