1.181990062202573945e-02
1.783526064534488378e-02
1.627449896509890540e-02
1.541168484332558833e-02
1.698647310642068323e-02
1.218214159814237640e-02
1.459884528159414302e-02
1.280136980978880713e-02
1.598401551068674709e-02
1.476692543099600990e-02
1.480859230078894299e-02
1.448362741764136312e-02
1.305953522148231918e-02
1.522776976449625660e-02
1.318061540050481303e-02
1.387426321097013672e-02
1.169684660751075730e-02
1.240079273277250489e-02
1.314090425735109542e-02
1.746160170241726692e-02
1.209819499213274710e-02
1.109063610400887537e-02
1.304541354059959857e-02
1.535345700646606644e-02
1.787335217263171308e-02
1.530565095622643534e-02
1.134117918260779852e-02
1.604924719945523270e-02
1.380527920892791680e-02
1.224083340302654400e-02
1.308490197063874420e-02
1.436771491645892976e-02
1.424317718736308955e-02
1.559966805176659678e-02
1.299928351917209977e-02
1.411081367001577186e-02
1.278481921362017472e-02
1.374390617325554551e-02
1.314727428293794610e-02
1.310489405273844964e-02
1.444557583854561705e-02
1.591305433562378857e-02
1.451386225700160813e-02
1.319931567880365184e-02
1.707598738945038247e-02
1.620625285963220655e-02
1.833637952421200354e-02
1.487182239019889732e-02
1.663308133854837084e-02
1.247654147771729179e-02
1.369700978028163055e-02
1.295825861191418626e-02
1.514826527617006355e-02
1.120804077655921174e-02
1.497376150973237993e-02
1.505689069846410412e-02
1.888584077593234364e-02
9.681481730429184612e-03
1.367428369743266606e-02
1.501325739267958190e-02
1.521518780139348784e-02
1.220759342618243579e-02
1.329951676189609217e-02
1.675632120881699258e-02
1.737203961075554567e-02
1.465160861743631041e-02
1.039535530012109833e-02
1.308764718789838695e-02
1.583365618039481518e-02
1.382674933236595523e-02
