1.418509985935433558e-02
1.685283394832453804e-02
1.529604512576686511e-02
1.788645603386086747e-02
1.138941565991443035e-02
1.198886922388233203e-02
1.229868347346444249e-02
1.522032434898989636e-02
1.352992118434965044e-02
1.140982646975321688e-02
1.187507711947658265e-02
1.177103882721109405e-02
1.379902529117495343e-02
1.131975469093292330e-02
1.435240557050540891e-02
1.424563656111382109e-02
1.592872595166839461e-02
1.425560390227193983e-02
1.531312153074022159e-02
1.176320558838057570e-02
1.763102136636428632e-02
1.362630268567164606e-02
1.495374210315201201e-02
1.285789555639088935e-02
1.712033720898125874e-02
1.579318389915134249e-02
1.288495803978294101e-02
1.274382443441973364e-02
1.203144735604555135e-02
1.420467795049733771e-02
1.447495064536453123e-02
1.520940356179031026e-02
1.489455918028549306e-02
1.711002032473322651e-02
1.462282259292604913e-02
1.331889170966031426e-02
1.233209637577003907e-02
1.749793140108513861e-02
1.137602545914611490e-02
1.693637700094607207e-02
1.592689435436297346e-02
1.573887418696991169e-02
9.507783694189570964e-03
1.318304222400734811e-02
1.032971353052691658e-02
1.635916057021205919e-02
1.406446244794014311e-02
1.773049854628466065e-02
1.840469284837598779e-02
1.483174702987640099e-02
1.346073016762115368e-02
1.564060035073736032e-02
1.107767036538756002e-02
1.116478911756416462e-02
1.532820235121956295e-02
1.367198477738003348e-02
1.739443212101666331e-02
1.480444681250558427e-02
1.310510914441147950e-02
1.689467225845430604e-02
1.452031061348241919e-02
1.455337014769606148e-02
1.275080231778409623e-02
1.203647213479716767e-02
1.735422567599366125e-02
1.959358098767233561e-02
1.226050325456671912e-02
1.170796721197673966e-02
1.503291827562652956e-02
1.526880326805957026e-02
