1.370966901360640838e-02
1.216462644265809551e-02
1.551850236502349059e-02
1.602253106866370624e-02
1.279743595944659966e-02
1.306506836240687620e-02
1.330522365885751165e-02
1.776350963631797772e-02
1.373744041678385402e-02
1.258225257350644409e-02
1.421044252138231774e-02
1.370089242100107352e-02
1.538755554258995281e-02
1.399441122492266036e-02
1.304532760515660084e-02
1.159573358297347895e-02
1.451377076266215094e-02
1.449354243116927031e-02
1.208614759355874750e-02
1.711407221510371710e-02
1.535289780428673173e-02
1.109486128135286215e-02
1.591625996099404680e-02
1.394886725937106130e-02
1.824337757052415382e-02
1.270632196174331478e-02
1.427789079121063141e-02
1.445884802517411090e-02
1.261775947315541165e-02
1.226598716661549300e-02
1.138041777499034478e-02
1.468639491707659887e-02
1.725087226460631992e-02
1.240354787673161527e-02
1.321190986072760289e-02
1.652389108718903266e-02
1.475870966159826408e-02
1.724287973493961526e-02
1.223475055070669115e-02
1.144721159888955481e-02
1.333648518480554102e-02
1.821558898475359248e-02
1.380989351217905454e-02
1.205613870878316160e-02
1.116652125592508017e-02
2.051296881692588406e-02
1.346815016653910013e-02
1.308502353031778219e-02
1.623963071025830152e-02
1.550022707994756083e-02
1.695185669703712025e-02
1.425239814501074939e-02
1.582377900837934892e-02
1.434600376376441409e-02
1.602449988742071438e-02
1.543068860716802042e-02
1.324694747842610799e-02
1.495880915714961797e-02
1.107483978385103048e-02
1.565219820129971906e-02
1.399024920614221242e-02
1.177161917308104308e-02
1.898733649720795585e-02
1.614761965008018607e-02
1.231484459509972831e-02
1.285967135761213569e-02
1.467245129841081470e-02
1.348984239955188132e-02
1.358120726432174991e-02
1.420069785887574827e-02
