1.383931429865271553e-02
1.147315294909785101e-02
1.652947895898194269e-02
1.360231586640686489e-02
1.194390155501191819e-02
1.485513625257797385e-02
1.256560653844379823e-02
1.055299471784589688e-02
1.159379069973507509e-02
1.144684568922259109e-02
1.629035358714581161e-02
1.609341760394609674e-02
1.337455017916626410e-02
1.357310323309123684e-02
1.417653129960062645e-02
1.609588591588482706e-02
1.555574542353417057e-02
1.726758439455369082e-02
1.341122706837123181e-02
1.108630732658936330e-02
1.242333928993940954e-02
1.636656667353187516e-02
1.364586691296942704e-02
1.464342064067344212e-02
1.847118319938815048e-02
1.442384535335779726e-02
1.400210800384120262e-02
1.474811633521794403e-02
1.371709348574966410e-02
1.342424524697287576e-02
1.766262333563327694e-02
1.435666129301257921e-02
1.380532700951361651e-02
1.546838166478757201e-02
1.456808986040190532e-02
1.500001429410060400e-02
1.271688806904613077e-02
1.873164305888726233e-02
1.566258160156768636e-02
1.464845001317217899e-02
1.235725571130827545e-02
1.444458823750520600e-02
1.413194820273630699e-02
1.419946664354857814e-02
1.417307244075794760e-02
1.537582434828880032e-02
2.263075277923325482e-02
1.460254208804498063e-02
1.632954455698622589e-02
1.094584195895500350e-02
1.694464301961724068e-02
1.697694296070281425e-02
1.132384813673125226e-02
1.175267907077407956e-02
1.202087721075967112e-02
1.332835929301948164e-02
1.347540053094942354e-02
1.621684711989532235e-02
1.242098846372007015e-02
1.052946519609595025e-02
1.608907103703353589e-02
1.259989897362735929e-02
1.377851775283104804e-02
1.298808191630838188e-02
1.658625031938072703e-02
1.523716574413769287e-02
1.417874029256622516e-02
1.257249082878606622e-02
1.677018410062119588e-02
1.120502216545339082e-02
