1.393050042472970297e-02
1.581580509947490623e-02
1.321825633796694897e-02
1.558672654888694324e-02
1.442865259583830245e-02
1.664325405083592196e-02
1.534223935872806692e-02
1.596151217206072739e-02
1.580378496488552692e-02
1.325465132788613935e-02
1.396566674936152060e-02
1.136226173178754920e-02
1.642308961555812019e-02
1.608218849030794775e-02
1.410055939377344650e-02
1.412097061817437632e-02
1.577797942243900145e-02
1.293285875111402881e-02
1.438955160782688994e-02
1.045847427425363949e-02
1.361819498908102902e-02
1.369870922237725018e-02
1.220160207730597648e-02
1.520317436434931273e-02
1.183560761713286363e-02
1.555048193863622398e-02
1.509036289433158054e-02
1.325239509524714539e-02
1.425786214796661254e-02
1.282269412039703169e-02
1.675557986041372946e-02
1.455240797819375501e-02
1.348685166879201591e-02
1.700147912666807176e-02
1.234213739221206620e-02
1.836977049649868646e-02
1.682940014326770456e-02
2.254432375561527674e-02
1.415136735539570742e-02
1.305819746890177213e-02
1.020126466179403953e-02
1.346735906921304668e-02
1.291855873520660059e-02
1.538903332669937750e-02
1.414646261986003163e-02
9.212901529080901389e-03
1.413328729844828997e-02
1.709061906387933372e-02
1.386435326537055999e-02
1.474538778290041333e-02
1.142543834911723989e-02
1.585618672687882577e-02
1.610112605996193158e-02
1.185690986487762839e-02
1.092168187215920329e-02
1.433288460230606846e-02
1.431006962165294605e-02
1.698288041221432398e-02
1.606576958351709633e-02
1.523014511405240343e-02
1.094054097185498051e-02
1.481610395723393335e-02
1.364041607668458993e-02
1.654512905399539019e-02
1.292310383825338860e-02
1.396277862151897552e-02
1.440240372354418055e-02
1.273508921000448407e-02
1.087870445693763996e-02
1.468182728210894704e-02
