1.043867660749885767e-02
1.425616181971127439e-02
1.176698217978736777e-02
1.586123992868073221e-02
1.784074162807035638e-02
1.539788669569351620e-02
1.109538581806854274e-02
1.171927423842578780e-02
1.291596195906265752e-02
1.603645043360961767e-02
1.503114308776104698e-02
1.285674249570312004e-02
1.780104917317707272e-02
1.326107459615702075e-02
1.186564386926367183e-02
1.885386411354363426e-02
1.051953505943594748e-02
1.483153832055069711e-02
1.758453796383820794e-02
1.597348331024424015e-02
1.450942270042055587e-02
1.381849891418543246e-02
1.618141349532193490e-02
1.219098065764592093e-02
1.490170386038180451e-02
1.712825565247849680e-02
1.820750574277133979e-02
1.508757512387767091e-02
1.550741964489712500e-02
1.072556899763321345e-02
1.772664383798671500e-02
1.374664641528413993e-02
1.413347663842688673e-02
1.766906057494868620e-02
1.408937793504655249e-02
1.354442014274385465e-02
1.579974975442014970e-02
1.812482164908804996e-02
1.369046897033216262e-02
1.264271258587420024e-02
1.264747916178828903e-02
1.118369409293714332e-02
1.287043070176070204e-02
1.273157962229850421e-02
1.585241298877978350e-02
1.404897406826705747e-02
1.057971508860324622e-02
1.660136516069239676e-02
1.244601280173250960e-02
1.225056092850351774e-02
1.406950166691289632e-02
1.361015017401333814e-02
1.320935964279729841e-02
1.162934764375699905e-02
1.613057130137143108e-02
1.673778553585202750e-02
1.294036675657892800e-02
1.285893530090350192e-02
1.453853285330642536e-02
1.428497968728298893e-02
1.628200099923482816e-02
1.297188699710773857e-02
1.271115320306820742e-02
1.523208679469839275e-02
1.577671379394044934e-02
1.541743066942888145e-02
1.331229505527169697e-02
1.207364802347026672e-02
1.552061361343179229e-02
1.414731908016078100e-02
