1.725232231500502950e-02
1.487578068598116240e-02
1.662799238795352810e-02
1.276436342963179447e-02
1.390149917063529181e-02
1.078696396132449407e-02
1.269011918264707599e-02
1.484927061910394988e-02
1.258437748033464608e-02
1.510156637075654208e-02
1.203154892805372890e-02
1.273303074476092069e-02
1.405599642479724541e-02
1.226800392669972345e-02
1.222546818785399947e-02
1.289652781618148836e-02
1.244415537965273474e-02
1.342938255639010425e-02
1.131335623959673319e-02
1.283932951975530479e-02
1.542594121875859314e-02
1.027133963992593081e-02
1.728190190351702737e-02
1.998366415169917920e-02
1.361206695712732090e-02
1.471290347963954102e-02
1.729229582584028077e-02
1.410725848869785748e-02
1.207584782947573182e-02
1.995133036989029870e-02
1.409577764327332207e-02
1.551567523119337828e-02
1.463585624402193898e-02
1.816252348474718323e-02
1.644995642336243361e-02
2.045235143291375748e-02
9.822607001625308087e-03
1.320915065679944579e-02
1.453598558761791046e-02
1.886827145818402440e-02
1.461577979794367876e-02
1.545255412705474896e-02
1.051187014177792575e-02
1.401315358222011802e-02
1.544155396938521468e-02
1.380062313353758174e-02
1.222431247768224379e-02
1.414468328550846053e-02
1.084060709679126808e-02
1.418504447490616036e-02
1.752232774602674112e-02
1.558014016499645153e-02
1.041559730124534677e-02
1.123943508395756213e-02
1.648953109951269841e-02
1.511391359425708417e-02
1.578587960533256798e-02
1.201894824686385727e-02
1.374808470097908276e-02
1.469246085246378279e-02
1.388120231650120939e-02
1.758194511988159583e-02
1.507353218981512082e-02
1.705479804920653764e-02
1.129420119511057204e-02
1.140633471611248763e-02
1.262470698206939398e-02
1.352713409320970700e-02
1.899183020799325577e-02
1.259405429223128814e-02
