1.456204103719481620e-02
1.229035603720586220e-02
1.074354769992365288e-02
1.588130906909100692e-02
1.332852729511625409e-02
1.478804196530865249e-02
1.588526832442732281e-02
1.490358246298635093e-02
1.446717594745897638e-02
1.286258765806062333e-02
1.333552725440659628e-02
1.675476668283558748e-02
1.294778501463892013e-02
1.162736494259440818e-02
1.335165091075346186e-02
1.420403351815569155e-02
1.163184245247637569e-02
1.310593743048152522e-02
1.154161812292465658e-02
1.732136829009561438e-02
1.368658440174814507e-02
1.579644777564518862e-02
1.678457958570893013e-02
2.087004376118577198e-02
1.386426137620066883e-02
1.315462913849132359e-02
1.577552567615830847e-02
1.609977483995770134e-02
1.545483862162215852e-02
1.315322615213825215e-02
1.285023249752450906e-02
1.321281563496249679e-02
1.499383967304695510e-02
1.200815140390228825e-02
1.592466406171408680e-02
1.126790362233154319e-02
1.568555189394855651e-02
1.588143014429340555e-02
1.264183974537685939e-02
1.332533301702456228e-02
1.505495309264634832e-02
1.425766618742146941e-02
1.561332087165247240e-02
1.292861397269654163e-02
1.836754732289921227e-02
1.141026953155444001e-02
1.422229445414678779e-02
1.278391209948594003e-02
2.041005263829524449e-02
1.411585570545621955e-02
1.296142607132788963e-02
1.455451811546440953e-02
1.485068168120300298e-02
1.341455589410511968e-02
1.794637174703068647e-02
1.690273068392500813e-02
1.232217376000174780e-02
1.434924824177472198e-02
1.312874538993192078e-02
9.729903836489500746e-03
1.494975103201371877e-02
1.474836104323747239e-02
1.458981657415176457e-02
1.493705154163241060e-02
1.462950616733869891e-02
1.376142501958126270e-02
1.403626164065923700e-02
7.991775842146933359e-03
1.625472901683337051e-02
1.681047568577865095e-02
