1.261614768343879284e-02
9.222317030656705314e-03
1.352047213906345212e-02
1.065351323415862292e-02
1.564858838983478051e-02
1.121911533851327122e-02
1.800543158144033568e-02
1.495750116338079132e-02
1.274615055274519633e-02
1.327468111215032547e-02
1.667504842882705507e-02
1.087448976691959661e-02
1.330705837831317254e-02
1.559070219014035974e-02
1.490604473307014649e-02
1.685664217770942858e-02
1.911924821882656986e-02
1.683810420710319181e-02
1.688466367301293819e-02
1.379661566524001577e-02
1.233427996355967483e-02
1.343872301959418009e-02
1.744439499355318959e-02
1.269835035225117849e-02
1.321148578897771327e-02
1.494473835571843295e-02
1.374187066967648765e-02
1.211908596540907379e-02
1.589779481280189158e-02
1.625165010349874026e-02
1.578371014840817058e-02
1.199986676432797904e-02
1.416683402446216461e-02
1.372835719581755147e-02
1.537502739245765263e-02
1.002932218191856899e-02
1.925872848830412903e-02
1.432103279864901414e-02
1.680409021832466460e-02
1.166622610346747073e-02
1.106601324250480918e-02
1.326588878366851548e-02
1.495473647174613840e-02
9.957235090252777518e-03
1.602033515444702821e-02
1.766961075176732773e-02
1.824043871202543979e-02
1.430905233621149186e-02
1.417366743806035626e-02
1.519491424619537345e-02
1.726105590305146084e-02
1.134402029618618996e-02
1.277588167272358972e-02
1.706891116318585630e-02
1.140581449065568818e-02
1.129375173795479047e-02
1.472277704729713435e-02
1.146612722573837027e-02
1.234849445272999911e-02
2.022965836654231839e-02
1.172248459503629457e-02
1.724408997888076528e-02
1.556994552974387720e-02
1.465470556081696109e-02
1.221045872876491863e-02
1.769814263990976064e-02
1.448679815717381428e-02
1.317801284900066081e-02
1.171696464286836950e-02
1.482190772913716779e-02
