1.403397208173074416e-02
1.324120681785310831e-02
1.330376434108029859e-02
1.601111290807144538e-02
1.750050009950591609e-02
1.369254809647530574e-02
1.409862104261938240e-02
1.330716067862103280e-02
1.466368424405764363e-02
1.281084359436971201e-02
1.216855162963522557e-02
1.472667133464401062e-02
1.230877001755872890e-02
1.631058102604693305e-02
1.415799633164753490e-02
1.539888398134704392e-02
1.082561304600589656e-02
1.811393779663470621e-02
1.675865315108202719e-02
1.850820759722711720e-02
1.314119940221860315e-02
1.417962757247668432e-02
1.239364312818261142e-02
1.399533096573856404e-02
1.834339569232326314e-02
1.308153394929935029e-02
1.886578876088676471e-02
1.782641307514646473e-02
1.128520583396061885e-02
1.447882092849532738e-02
1.406661045264591577e-02
1.159571220583523361e-02
1.339747453274538029e-02
1.646622207626004947e-02
1.815655628162645557e-02
1.612826587387322652e-02
1.519313056729910266e-02
1.289244602274631710e-02
1.215939112953324207e-02
1.667255271648549961e-02
1.468169453406278566e-02
1.231062516919308007e-02
1.238616232365466301e-02
1.242257421018204931e-02
1.554723435429778040e-02
1.341768135698953937e-02
1.509475841194190399e-02
1.322906523888999798e-02
1.068745077196175085e-02
1.255867617749261908e-02
1.295629881478122490e-02
1.473227114149134286e-02
1.333729212849518210e-02
9.951411919850767021e-03
1.249381976977397869e-02
1.854886030195072519e-02
1.806759477953838455e-02
1.420188758281941931e-02
1.186129370640614036e-02
1.521203860241508894e-02
1.391063126353873393e-02
1.001563220707464737e-02
1.357192185320955577e-02
1.663491506471518819e-02
1.450996502888448648e-02
1.401738889699331685e-02
1.175622030224706717e-02
1.271591696604684393e-02
1.836249783204149666e-02
1.454561830506788389e-02
