1.336809318783951928e-02
1.453982358946500145e-02
1.458034104470809153e-02
1.509522952911180639e-02
1.480921494362236364e-02
1.359134042798428553e-02
1.248610078594296867e-02
1.351828091743458894e-02
1.450372660157198818e-02
1.287760851346818683e-02
1.573068844921627144e-02
1.266530646562140545e-02
1.320378359647431631e-02
1.189441594102326298e-02
1.544888986028531037e-02
1.772940914310033519e-02
1.383858087517732954e-02
1.721108362420313564e-02
1.136462450986557536e-02
1.652773525351897838e-02
1.301622533870599313e-02
1.380915633666961531e-02
1.709567282392734922e-02
1.041489686026005057e-02
1.603705579345908114e-02
1.843802612621874351e-02
1.615710310507329980e-02
1.479716611088763289e-02
1.364188571679715231e-02
1.436187680848438272e-02
1.471982345970812914e-02
1.862985514240498783e-02
1.324778905389210025e-02
1.348925530136676522e-02
1.182661575524126402e-02
1.508896687625358238e-02
1.777343574159099757e-02
1.531605879882898778e-02
1.322984521501656061e-02
1.156737326486357437e-02
1.655534525706275559e-02
1.585719670481009619e-02
1.410111025265691799e-02
1.587863288979510928e-02
1.323666994654357221e-02
1.248086326540438079e-02
1.276846568295510534e-02
1.241447343664899353e-02
1.298134626390050166e-02
1.168541986821051114e-02
1.279275207574303956e-02
1.587374967653745403e-02
1.283165736923174566e-02
1.550760668162507599e-02
1.528144506535179803e-02
1.545379444042825276e-02
1.361943826280829530e-02
1.507658478450117981e-02
1.310182136551582555e-02
1.207577131390508672e-02
1.463356628679346634e-02
1.098904827769013083e-02
1.545928465357924129e-02
1.545663180389924944e-02
1.465666917943633275e-02
1.483536644854179833e-02
1.651900186763922973e-02
1.346784651708461331e-02
1.407020747698792609e-02
1.269587199542752780e-02
