1.218138151707618723e-02
1.226521551874022210e-02
1.207821607082729988e-02
1.851073514890985011e-02
1.163931661384685901e-02
1.485157169481249664e-02
1.484558822750597744e-02
1.154112385091562304e-02
1.544129655084021911e-02
1.354676277651399238e-02
1.548333236262633070e-02
1.699645167166212792e-02
1.531390818513624769e-02
1.941010809001943865e-02
1.259967495490854628e-02
1.428563596801190119e-02
1.535814950513628846e-02
1.491566598701082706e-02
1.514708409897679714e-02
1.368073537713128743e-02
1.180889875289602847e-02
1.258872664698792651e-02
1.549337178989504231e-02
1.481089326866846800e-02
1.114343047282881013e-02
1.437486303212798591e-02
1.650555276042118408e-02
1.500532496771069327e-02
1.442323870822401731e-02
1.439707039977724048e-02
1.331937915065705552e-02
1.509046179658317041e-02
1.537805258203065774e-02
1.401880935292238416e-02
1.515502120658956606e-02
1.771978672692222159e-02
1.629035948967390984e-02
1.408131847960597711e-02
1.213939838998982779e-02
1.477954322677460346e-02
1.767673717794643676e-02
1.648674529326346269e-02
1.397184629326722431e-02
1.336428819577120848e-02
1.200929095701149842e-02
1.603703146533107596e-02
1.666067227649119242e-02
1.361999057851876783e-02
1.380207851324059473e-02
1.165432694732592041e-02
1.321622209913684426e-02
1.538088945205111358e-02
1.269046214896574036e-02
1.242343477557234475e-02
1.683575944559482715e-02
1.384550589509347777e-02
1.183409932284971641e-02
1.082019616930742986e-02
1.492744735043250240e-02
1.008017856201588389e-02
1.458224602337064753e-02
1.085691683143751377e-02
1.600431406921162814e-02
1.555189515538395358e-02
1.437516422931701780e-02
1.191547979759716679e-02
1.583727214427722851e-02
1.441163367900035602e-02
1.474098946886202507e-02
1.577143031045992461e-02
