1.554494247927990305e-02
2.157494239992326091e-02
2.091629646014210933e-02
1.540054047422326038e-02
2.135406929263245629e-02
1.803415903563567596e-02
1.775418409462031777e-02
2.421651841446712666e-02
1.759728966419417742e-02
2.306343475358202388e-02
1.696282080372112436e-02
2.483106544082977832e-02
2.014949212320627306e-02
1.885721856755106368e-02
1.981609411580635693e-02
1.622694493375612459e-02
1.540262504182019973e-02
2.279727628325265917e-02
2.174038407345314436e-02
2.030498282781472569e-02
2.326875512024149592e-02
2.133226368678569490e-02
1.689555427933815343e-02
2.255879459480794602e-02
2.266887623300117838e-02
2.007170611775853028e-02
1.769870493893704183e-02
2.300506729339817438e-02
3.143517769836446513e-02
1.559128569582354795e-02
1.844737805021651189e-02
1.794045077352157680e-02
1.916807794464091622e-02
2.114769361534898223e-02
2.294732645169796775e-02
1.720169710374444202e-02
2.076385431133348503e-02
2.159155469767154445e-02
2.048959630989522288e-02
1.972678834059822528e-02
1.746184861573048600e-02
1.828124339087925862e-02
1.726076677900556522e-02
1.870254714942791094e-02
1.887768099878782413e-02
2.073665292325274287e-02
1.739481703523474906e-02
1.813599329395046422e-02
1.826797429943276957e-02
2.838459097726126965e-02
