1.231206100716860860e-02
1.472237928864709999e-02
1.445594431366382243e-02
1.483555395196841341e-02
1.400342371855885747e-02
1.612350353307914763e-02
1.981157501599214305e-02
1.477525983493041539e-02
1.737354804782419160e-02
1.372382317506996852e-02
1.410666890875561866e-02
1.049267378605110018e-02
1.628575953760044021e-02
1.479163300133161385e-02
1.346970978405683840e-02
1.483159452881909271e-02
1.409933016886915497e-02
1.481608480717375512e-02
1.417156912534565071e-02
1.468154164623230833e-02
1.314045949478562583e-02
1.624901913972228926e-02
1.312904717761029412e-02
1.144340604666192925e-02
1.177010278384439147e-02
1.697555307710128109e-02
1.447781025677110159e-02
1.227532477209997488e-02
1.218759355120254718e-02
1.334479834639917296e-02
1.558472776381354848e-02
1.484878164127731784e-02
1.514265989846487991e-02
1.239542414880640334e-02
1.628891640585194978e-02
1.554921115758368423e-02
1.421708565708052797e-02
1.863518313271943921e-02
1.244886993217369196e-02
1.498591552504925650e-02
1.778779153764641768e-02
1.091336394254664548e-02
2.203239745958616297e-02
1.073302237245338242e-02
9.417887853655425648e-03
1.132585901155570493e-02
1.376470196638243659e-02
1.165678018422952253e-02
1.416879310325027015e-02
1.503950126788352638e-02
1.642051770153808363e-02
1.494205918396765941e-02
1.492308646351462806e-02
1.390818173761803472e-02
1.397322669512263658e-02
1.426370280765838772e-02
1.153248219730753678e-02
1.681955820065564669e-02
1.137864862667233024e-02
1.776687181109348757e-02
1.598692427681276326e-02
1.557351614919486385e-02
1.182724070476659332e-02
9.989112297281161137e-03
1.462379454302379159e-02
1.478473765071507302e-02
1.649125646363941086e-02
1.292124749273589751e-02
1.284276553936181987e-02
1.321744366797296746e-02
