9.048869680388847009e-03
1.361243458671446138e-02
1.844720447044546560e-02
8.593026125666326440e-03
1.269289365370860311e-02
1.423938001058398795e-02
1.368554112155499942e-02
1.333288306345603927e-02
9.754450848823089520e-03
1.124141494283197734e-02
1.752185072319824288e-02
2.287746094199268054e-02
2.374793438598481188e-02
2.110304308865393677e-02
9.898629812900450881e-03
1.450274356047641031e-02
9.724287896116613067e-03
1.924299273228783844e-02
1.332314704499653647e-02
2.321856074681157706e-02
9.684641248310102424e-03
1.255421444648129915e-02
7.655042827558421886e-03
1.296028840195242830e-02
1.950822817460750105e-02
1.035746538436576117e-02
1.026262586724110450e-02
1.981166481699879120e-02
1.468631703341781967e-02
1.459394033611608778e-02
9.425517994374512862e-03
1.490079903794200300e-02
1.536523374911285406e-02
8.788192918637300136e-03
1.582512490999122765e-02
1.045406501419742472e-02
1.645654306481002943e-02
9.723858575629738474e-03
7.984223312177018972e-03
1.133899732290261260e-02
1.212173179196191115e-02
1.692253372885054591e-02
1.611757080124699010e-02
1.244860135151059678e-02
2.128375365060597088e-02
7.540291199514517935e-03
8.228447692953987438e-03
2.261669054661050518e-02
1.188650212469473735e-02
9.822083359996959875e-03
1.480666935989297626e-02
1.754135458301807685e-02
1.309355898328024362e-02
1.112404615348166516e-02
1.593822185909443342e-02
1.706550778441295879e-02
7.835270286805730289e-03
1.349147746862212546e-02
1.315681972930404960e-02
9.980444437889184756e-03
1.794876055627074932e-02
2.395899423032665093e-02
1.594553180723129113e-02
2.898337389424947633e-02
2.192229805034176526e-02
8.247293683985849888e-03
1.879249896572012316e-02
1.652146313254774027e-02
8.688481515240356959e-03
1.382399339592099013e-02
