1.489857780638622654e-02
1.591487876063144707e-02
1.463384358350628030e-02
1.224694001861715946e-02
1.213274317746282013e-02
1.784938546296778103e-02
1.433638632597562107e-02
1.536554046580382478e-02
1.377236413640791669e-02
1.359140619954634678e-02
1.392251261989647763e-02
1.012931980039381667e-02
1.529520091929062117e-02
1.807264465104011994e-02
1.495906474014386915e-02
1.731436489804345086e-02
1.821928249630401508e-02
1.504506914611922729e-02
1.295059355726320416e-02
1.406906472077587393e-02
1.595612863074630239e-02
1.146634176816830990e-02
1.691398466228564643e-02
1.700370236307965910e-02
1.251399597187455477e-02
1.633363139015497900e-02
1.408335846986095985e-02
1.690587559587817049e-02
1.551262369676126122e-02
1.799144281291084266e-02
1.143718627379451507e-02
1.417925746906814610e-02
1.716168641789854107e-02
1.346374850935574095e-02
1.337475494311884429e-02
1.418716689325695210e-02
1.301806979092638879e-02
1.753318018583486029e-02
1.630888303450471130e-02
1.344601512781531602e-02
1.159897688330603811e-02
1.153406522112825072e-02
1.313380176450018762e-02
1.378315489990375453e-02
1.803230196326810475e-02
1.241532993912042825e-02
1.916487316567112506e-02
1.819815995424747812e-02
1.537407726682203483e-02
1.270169539430516387e-02
1.151460681527358317e-02
1.198194058544873979e-02
1.386488887254595966e-02
1.268259671325643219e-02
1.183004717645202812e-02
1.545817410079295025e-02
1.115747495550929030e-02
1.483552410317864369e-02
1.171534160050958541e-02
1.629129679659718083e-02
1.398729528292401089e-02
1.265759028088491410e-02
1.462828519706144831e-02
9.783402185673622381e-03
1.180599695738196626e-02
1.482702603702553551e-02
1.077684067135331429e-02
1.385712545242136912e-02
1.552780890510573400e-02
1.137008336446006067e-02
