1.510174171518221566e-02
1.591778454980994836e-02
1.541950736326102092e-02
1.001841844996884806e-02
1.645832108811588756e-02
1.310854298782913874e-02
1.440962048711117403e-02
1.518253271909299207e-02
1.523105045231038131e-02
1.067073599783761179e-02
1.501431339195314144e-02
1.334844506965330094e-02
1.310825509866114444e-02
1.459755161369999041e-02
1.770395402016382291e-02
1.292847407286496983e-02
1.346950914283861350e-02
1.136286762892792582e-02
1.514954653574986619e-02
1.530026093713336352e-02
1.317891519585702442e-02
1.557960876230625111e-02
1.554471828119037558e-02
1.321031831942679619e-02
1.210748262759261951e-02
1.407597790041649477e-02
1.211323273007316494e-02
1.651940136845839874e-02
1.879969297008016182e-02
1.179288513960005148e-02
1.235804259751751427e-02
1.525864861962653203e-02
1.779598139627525458e-02
1.176129861080952611e-02
1.414150533140892674e-02
2.044155617515473755e-02
1.426779657915470088e-02
1.777485182288156967e-02
1.748187530244365087e-02
9.768316794566104730e-03
1.218739690719912797e-02
1.498351434225941511e-02
1.541385699233677360e-02
1.432072870952286019e-02
1.840690300522589487e-02
1.411199606824222255e-02
1.371439506875435713e-02
1.543671742712832140e-02
1.395041724055449441e-02
1.313492905506114666e-02
1.383526524985250090e-02
1.103493550662307081e-02
1.319340881274726034e-02
1.208060626553699411e-02
1.301695077855198959e-02
1.501086937717161472e-02
1.524034323168189584e-02
2.017191476548901505e-02
1.551042526570057048e-02
1.379827324324273997e-02
1.288623303296442674e-02
1.108074884371414853e-02
1.341655510399030436e-02
1.345051546542670555e-02
1.522265426115834534e-02
1.426500084416766276e-02
1.374782905505605481e-02
1.250094885541650803e-02
1.473138234075180471e-02
1.267074503746668836e-02
