4.800000000000000000e+01
4.800000000000000000e+01
4.500000000000000000e+01
4.800000000000000000e+01
4.500000000000000000e+01
2.500000000000000000e+01
4.800000000000000000e+01
4.800000000000000000e+01
4.800000000000000000e+01
4.800000000000000000e+01
4.500000000000000000e+01
4.500000000000000000e+01
4.800000000000000000e+01
4.800000000000000000e+01
4.500000000000000000e+01
2.100000000000000000e+01
7.000000000000000000e+00
3.300000000000000000e+01
7.000000000000000000e+00
2.100000000000000000e+01
7.000000000000000000e+00
4.500000000000000000e+01
7.000000000000000000e+00
2.100000000000000000e+01
7.000000000000000000e+00
4.800000000000000000e+01
7.000000000000000000e+00
7.000000000000000000e+00
7.000000000000000000e+00
7.000000000000000000e+00
3.200000000000000000e+01
3.200000000000000000e+01
3.200000000000000000e+01
3.200000000000000000e+01
3.200000000000000000e+01
3.200000000000000000e+01
3.200000000000000000e+01
3.200000000000000000e+01
3.200000000000000000e+01
3.200000000000000000e+01
3.200000000000000000e+01
3.200000000000000000e+01
3.200000000000000000e+01
3.200000000000000000e+01
2.700000000000000000e+01
3.300000000000000000e+01
3.700000000000000000e+01
2.100000000000000000e+01
2.100000000000000000e+01
2.100000000000000000e+01
3.300000000000000000e+01
3.300000000000000000e+01
3.300000000000000000e+01
3.300000000000000000e+01
3.300000000000000000e+01
4.800000000000000000e+01
3.300000000000000000e+01
3.300000000000000000e+01
3.300000000000000000e+01
3.300000000000000000e+01
3.300000000000000000e+01
3.300000000000000000e+01
3.300000000000000000e+01
3.300000000000000000e+01
8.000000000000000000e+00
8.000000000000000000e+00
3.300000000000000000e+01
3.300000000000000000e+01
3.300000000000000000e+01
3.300000000000000000e+01
3.300000000000000000e+01
4.800000000000000000e+01
3.300000000000000000e+01
3.700000000000000000e+01
3.300000000000000000e+01
4.800000000000000000e+01
4.800000000000000000e+01
3.000000000000000000e+00
3.000000000000000000e+00
4.800000000000000000e+01
4.800000000000000000e+01
3.000000000000000000e+00
3.000000000000000000e+00
3.000000000000000000e+00
3.000000000000000000e+00
3.000000000000000000e+00
3.000000000000000000e+00
3.000000000000000000e+00
3.000000000000000000e+00
3.000000000000000000e+00
3.200000000000000000e+01
3.200000000000000000e+01
3.200000000000000000e+01
1.600000000000000000e+01
1.600000000000000000e+01
1.600000000000000000e+01
1.600000000000000000e+01
3.200000000000000000e+01
3.200000000000000000e+01
3.200000000000000000e+01
3.200000000000000000e+01
1.600000000000000000e+01
1.600000000000000000e+01
3.200000000000000000e+01
1.600000000000000000e+01
2.700000000000000000e+01
2.700000000000000000e+01
2.700000000000000000e+01
2.700000000000000000e+01
3.200000000000000000e+01
3.200000000000000000e+01
3.200000000000000000e+01
3.200000000000000000e+01
3.200000000000000000e+01
3.200000000000000000e+01
3.200000000000000000e+01
3.200000000000000000e+01
3.200000000000000000e+01
3.200000000000000000e+01
2.700000000000000000e+01
