1.902281156377015961e-02
1.623109017394120182e-02
1.691061850455426521e-02
2.347536153669048387e-02
1.815314958224672343e-02
1.884150528931296392e-02
1.697714011881769347e-02
2.322948465355711284e-02
2.056467037047735383e-02
1.783378345519029060e-02
1.925149924217025091e-02
1.882755149110698634e-02
1.868502212302384710e-02
1.918255648747489717e-02
1.845395887813627150e-02
2.065926565104241053e-02
2.087959746372711548e-02
2.365885739248452593e-02
1.742601753048030749e-02
1.876759426753234206e-02
1.319779373716522750e-02
2.157476917300572491e-02
1.810670353630884286e-02
1.924413994849540760e-02
1.813308684801934537e-02
2.106233330934979484e-02
2.039672548403059782e-02
1.858146160588435361e-02
1.729488906233531131e-02
1.891407718012783762e-02
2.343096238532568071e-02
2.124112354302967742e-02
2.813679966242938271e-02
2.780380449345525723e-02
1.822974221824466903e-02
1.738120269227070094e-02
1.882267603941461045e-02
2.284100064598708693e-02
2.031714680485584984e-02
3.088651017353076511e-02
1.622821703814823074e-02
1.698563330295756874e-02
1.900244869835196471e-02
2.248552269738515741e-02
1.744274119049548863e-02
2.342839285918243628e-02
1.668796190136354052e-02
1.848399945815674961e-02
2.848797127164558185e-02
1.813862726331005523e-02
