2.000000000000000000e+00
2.000000000000000000e+00
2.000000000000000000e+00
2.000000000000000000e+00
2.000000000000000000e+00
2.000000000000000000e+00
2.000000000000000000e+00
2.000000000000000000e+00
2.000000000000000000e+00
2.000000000000000000e+00
2.000000000000000000e+00
2.000000000000000000e+00
2.000000000000000000e+00
2.000000000000000000e+00
2.000000000000000000e+00
6.400000000000000000e+01
5.900000000000000000e+01
6.400000000000000000e+01
6.400000000000000000e+01
6.400000000000000000e+01
6.400000000000000000e+01
6.400000000000000000e+01
6.400000000000000000e+01
6.400000000000000000e+01
6.400000000000000000e+01
6.400000000000000000e+01
6.400000000000000000e+01
6.400000000000000000e+01
6.400000000000000000e+01
5.900000000000000000e+01
1.400000000000000000e+01
4.400000000000000000e+01
4.400000000000000000e+01
6.800000000000000000e+01
4.400000000000000000e+01
1.400000000000000000e+01
6.800000000000000000e+01
6.800000000000000000e+01
4.400000000000000000e+01
3.200000000000000000e+01
6.800000000000000000e+01
3.200000000000000000e+01
6.800000000000000000e+01
6.800000000000000000e+01
4.400000000000000000e+01
3.200000000000000000e+01
1.400000000000000000e+01
5.500000000000000000e+01
5.500000000000000000e+01
5.500000000000000000e+01
5.500000000000000000e+01
5.500000000000000000e+01
5.500000000000000000e+01
5.500000000000000000e+01
3.600000000000000000e+01
3.600000000000000000e+01
1.400000000000000000e+01
1.400000000000000000e+01
1.400000000000000000e+01
5.500000000000000000e+01
3.600000000000000000e+01
3.600000000000000000e+01
3.600000000000000000e+01
3.600000000000000000e+01
3.600000000000000000e+01
5.700000000000000000e+01
1.900000000000000000e+01
1.900000000000000000e+01
1.900000000000000000e+01
1.900000000000000000e+01
1.900000000000000000e+01
3.600000000000000000e+01
3.600000000000000000e+01
3.600000000000000000e+01
3.600000000000000000e+01
6.100000000000000000e+01
3.200000000000000000e+01
4.500000000000000000e+01
4.500000000000000000e+01
4.500000000000000000e+01
4.500000000000000000e+01
3.200000000000000000e+01
6.100000000000000000e+01
6.100000000000000000e+01
4.500000000000000000e+01
4.500000000000000000e+01
3.200000000000000000e+01
4.500000000000000000e+01
4.500000000000000000e+01
6.100000000000000000e+01
3.200000000000000000e+01
3.200000000000000000e+01
3.200000000000000000e+01
6.100000000000000000e+01
6.100000000000000000e+01
3.200000000000000000e+01
3.200000000000000000e+01
3.200000000000000000e+01
6.100000000000000000e+01
3.200000000000000000e+01
3.200000000000000000e+01
3.200000000000000000e+01
3.200000000000000000e+01
3.200000000000000000e+01
3.200000000000000000e+01
4.500000000000000000e+01
6.100000000000000000e+01
6.100000000000000000e+01
3.200000000000000000e+01
6.100000000000000000e+01
6.100000000000000000e+01
6.100000000000000000e+01
6.100000000000000000e+01
6.100000000000000000e+01
6.100000000000000000e+01
6.100000000000000000e+01
4.500000000000000000e+01
4.500000000000000000e+01
4.500000000000000000e+01
4.500000000000000000e+01
