1.517042541457165258e-02
1.462858497450799170e-02
1.517591927392153602e-02
1.286834839110645619e-02
1.394500439676671019e-02
1.354570750268898650e-02
1.276886346084666127e-02
1.316985231788543077e-02
1.532032468241928923e-02
1.520251609351252163e-02
9.112346662530277502e-03
1.398538166170540387e-02
1.204148421718606934e-02
1.409513690497715688e-02
1.243648662041996027e-02
1.558428449367557991e-02
1.150009984515674294e-02
1.554805737967976734e-02
1.055084865887291265e-02
1.472383695599388358e-02
1.029844790626200865e-02
1.290941499652212103e-02
1.480540579424143542e-02
1.608401574993215122e-02
1.267903866251030541e-02
1.700194477617919184e-02
9.295048647132488420e-03
1.543844037379922020e-02
1.648583084836012166e-02
1.628608118299319438e-02
1.453713852950645237e-02
1.433522817964107132e-02
1.152055748751113634e-02
1.268857129066276040e-02
1.357084315286389078e-02
1.424100178452103460e-02
1.775598833310229260e-02
1.810965298455876130e-02
1.197510330792912747e-02
1.680075128505419818e-02
1.393614024648107824e-02
1.315358171076330164e-02
1.342923089315246378e-02
1.502369175074908143e-02
1.695832661520910167e-02
1.430595614896773733e-02
1.397941418023420854e-02
1.312023238361066831e-02
1.287562403474139770e-02
1.476686351965753562e-02
1.297111455332061389e-02
1.477507485990933213e-02
1.187755589158799238e-02
1.824120745985958331e-02
1.181092289927499449e-02
1.711072286348890026e-02
1.537591752597432943e-02
1.477783782200174992e-02
1.358996472444578239e-02
1.464112722005509598e-02
1.508381833048794141e-02
1.013372792608928374e-02
1.287660397745770194e-02
1.314750065773327529e-02
1.752286046925009139e-02
1.523681769628705898e-02
1.741851931909940351e-02
2.011840528188038948e-02
1.810509109715410098e-02
1.544413275936774681e-02
