1.197252740288744927e-02
1.145978292189450860e-02
1.745219165438675543e-02
1.537522972568100034e-02
1.373823187763884880e-02
1.290709735098100747e-02
1.578786844957774660e-02
1.310988559588237810e-02
1.399847353886131754e-02
1.491213093167458731e-02
1.155829397170700726e-02
1.458716598120772361e-02
1.421620919119591722e-02
1.915287400867494993e-02
1.269775429505821604e-02
1.415503763351126133e-02
1.572978737152155165e-02
1.603018794594213842e-02
1.397863462190518553e-02
1.379234695219729197e-02
1.656834163246417857e-02
1.477098265102201775e-02
1.699102471208828458e-02
1.615707714144576368e-02
1.257819727415500875e-02
1.323808421332339606e-02
1.901475440283401444e-02
1.370849889734487501e-02
1.209976168977614994e-02
1.430710893765656591e-02
1.726174143988827916e-02
1.251721875423518829e-02
1.421144767746227236e-02
1.656131943079267727e-02
1.519351289448863697e-02
1.479579340745163646e-02
1.351674549304108554e-02
1.529617628430382167e-02
1.114516540903159360e-02
1.375359261416961472e-02
1.115546873413787894e-02
1.368108933863426691e-02
1.616561031714669125e-02
1.885070774146505382e-02
1.439331892092126503e-02
2.275136179667915440e-02
1.438064023116353805e-02
1.230913635351026450e-02
1.647915507210641686e-02
1.099950305555507865e-02
1.543513112718413773e-02
1.480086189357569283e-02
1.287154142210839361e-02
1.074185676510258473e-02
1.633664923392727161e-02
1.735000218470878278e-02
1.642576871249034828e-02
8.579563992365275144e-03
1.153556069485184646e-02
1.148212567231879366e-02
9.549850610602967846e-03
1.309023061208163148e-02
1.150594513073196351e-02
1.267631748354845420e-02
1.508349878683975208e-02
1.360626688472852362e-02
1.467065650559140448e-02
1.243391132153937213e-02
1.202284450089342004e-02
1.833716852412792947e-02
