1.601847492248144669e-02
1.292465704462848579e-02
1.515248186110957143e-02
1.841526440412643434e-02
1.218892375791220603e-02
1.411362371872581373e-02
1.538348204134343082e-02
1.320371752459603872e-02
1.813812577483113128e-02
1.608441663241227948e-02
1.898849140397862803e-02
1.766641293801641047e-02
1.368995556729342249e-02
1.413014435048190985e-02
1.241451999135670219e-02
1.359675583476999128e-02
1.457564364724687339e-02
1.676486434193352748e-02
1.265817695191092176e-02
1.676834555540512167e-02
1.292633628068258662e-02
1.117280282296119302e-02
1.278972150460861747e-02
1.545837623511459903e-02
1.326361241774069027e-02
1.339734048222033375e-02
1.287762872768217354e-02
1.447928121389253052e-02
1.253121574741378370e-02
1.375558746769889491e-02
1.334374515334266556e-02
1.257903092176449779e-02
1.419580475932110536e-02
1.562084022573131774e-02
1.870263718769295605e-02
1.558136466806282934e-02
1.387585127627944011e-02
1.626072725456878185e-02
1.430413903915682058e-02
1.284355112983407918e-02
1.432161069847963548e-02
1.624211829078777564e-02
1.223293625890563806e-02
1.161813360493079220e-02
1.286069729948263740e-02
1.484561235238292601e-02
1.313139193093615549e-02
1.034256934049760171e-02
1.092896337266891123e-02
1.241175307962284237e-02
1.662510176762451580e-02
1.592351344536020730e-02
1.247141588665241080e-02
1.707562466261116838e-02
1.024581685371872206e-02
1.428275474198731181e-02
1.540858125059841807e-02
1.389419384745619809e-02
1.676012651822331168e-02
1.374636036035061480e-02
1.588613449608969330e-02
1.262183329672995034e-02
1.542548854942002445e-02
1.406512704707309214e-02
1.410635272173913976e-02
1.287592845222802762e-02
1.507373264270639619e-02
1.501357617368339475e-02
1.277272400484883580e-02
1.395375427187309919e-02
