1.623329495834901007e-02
1.547289340963694734e-02
1.531201381626115521e-02
1.431192719607546696e-02
1.697292065417207313e-02
1.444202072155788621e-02
1.662483895082617416e-02
1.380948784443981371e-02
1.645602886563844042e-02
1.347070270378066849e-02
1.014209307721009208e-02
1.449120182320895456e-02
1.455140541270825462e-02
1.368535129905276183e-02
1.598027667382106304e-02
1.256635066575897963e-02
1.671852575504614510e-02
1.219145090402668288e-02
1.454070642532427973e-02
1.497294290261586176e-02
1.573047834454688321e-02
1.403071193225303645e-02
1.171770139358706622e-02
1.257374601310225562e-02
1.484896612129914077e-02
1.285955479511708723e-02
1.195312440266016116e-02
1.135725359984924611e-02
1.546208167713410825e-02
1.908758100236645008e-02
1.831516279156879951e-02
1.492466427280874329e-02
1.384229208263260992e-02
1.507389537881517576e-02
1.298455418920112063e-02
1.299566941885895582e-02
1.366508368736518188e-02
1.601333854584674130e-02
1.623779095276303014e-02
1.187913848964814757e-02
1.169079846643709258e-02
1.406790310640800186e-02
1.340189236955523396e-02
1.582261118505847927e-02
1.134944479412647832e-02
9.961094982230925265e-03
1.331458341047343091e-02
1.727153358788604057e-02
1.480175121186350085e-02
1.801673831180107890e-02
1.390374845775699773e-02
1.258641950991957331e-02
1.622528928920544469e-02
1.443766411728624605e-02
1.813449009719246899e-02
1.487036835601322597e-02
1.260920630193423930e-02
1.416735037647757871e-02
1.248730672656079080e-02
1.440025712935079534e-02
1.436347901824052212e-02
1.377306251669312837e-02
1.569190954533723759e-02
1.306007195346717449e-02
1.445983848390810372e-02
1.732116909262106791e-02
1.321637509605743874e-02
1.224468799648246661e-02
1.278445327957594170e-02
1.106527807914450476e-02
