1.530875140118205698e-02
1.492673141730152531e-02
1.245043303435155145e-02
1.105312147920320225e-02
1.338577259970631129e-02
1.523985634917257061e-02
1.260758681139008061e-02
1.359644164051017692e-02
1.643360316956985270e-02
1.549600311502552855e-02
1.274958926089817847e-02
1.213612875242765267e-02
1.313096383665258299e-02
1.646532411359536915e-02
1.485826070761069734e-02
1.210620090110397715e-02
1.652219094930148027e-02
1.210961376527054656e-02
1.523558459486277702e-02
1.545573127431155991e-02
1.309982435324476453e-02
1.145034225156523443e-02
1.982900116990007899e-02
1.713568503455522446e-02
1.718130036807887992e-02
1.703933598945735553e-02
1.389906199439696656e-02
9.727001306333150563e-03
1.331000582500071333e-02
1.886988116896560000e-02
1.290029175953616956e-02
1.714883437011096093e-02
1.040247040757185694e-02
1.732228036155152029e-02
1.355235415353889250e-02
1.427310184557668837e-02
1.397781464724394060e-02
1.411849079095569941e-02
1.567756145802593967e-02
1.434533148338497897e-02
1.361004416099749828e-02
1.715123658266918052e-02
1.138755394834624693e-02
1.367294453528796784e-02
1.830918469758966577e-02
9.674746988019287605e-03
1.686530952710834849e-02
1.381884948265322578e-02
1.123014935270426687e-02
1.602210156575811784e-02
1.319482547836117042e-02
1.615398830907888855e-02
1.329131613581653430e-02
1.062519497084812165e-02
1.411340970906964712e-02
1.182609903423659931e-02
1.526569222894323154e-02
1.412554905664116338e-02
1.565391171116526856e-02
1.418443126686326147e-02
1.324824528863517703e-02
1.345932479604633990e-02
1.323352335383981213e-02
1.318557169478065672e-02
1.650172447228939396e-02
1.661409327279161560e-02
1.432653245264035521e-02
1.441538871559370355e-02
1.434318946860151794e-02
1.396800783018162066e-02
