1.514209453520081079e-02
1.692210260230102292e-02
1.175942358479794940e-02
1.449616916239933849e-02
1.391664569379430852e-02
1.402169908933995589e-02
1.338982807113247263e-02
1.463547614589290856e-02
1.571715659803478785e-02
1.777866803857533831e-02
1.565264648453635818e-02
1.323806484216480742e-02
1.199724448362457507e-02
1.992677536356320458e-02
1.224735115553751523e-02
1.860779227853386758e-02
1.306469286699134778e-02
1.524969172884589781e-02
1.472249600616091364e-02
1.337036225324690804e-02
1.513846773510393005e-02
1.570652382379122622e-02
1.533552085043833786e-02
1.317782360370466782e-02
1.420211114180620210e-02
1.449040552802608253e-02
1.488172444472734592e-02
1.306534906116083201e-02
1.645980494212773149e-02
1.306812680789041191e-02
1.177212371923133313e-02
1.329854243082993596e-02
1.373141198445857435e-02
1.306670172759166401e-02
1.100509848184937252e-02
1.495784062303684610e-02
1.506196864466678720e-02
1.793630516692899107e-02
1.203313991190217529e-02
1.452512609299926212e-02
1.798043441844664192e-02
1.697877385811974796e-02
1.284912894320233007e-02
1.544917524680874260e-02
1.289463348366143639e-02
1.518848458374644737e-02
1.513276576368573559e-02
1.313258834617369100e-02
1.211647275578054544e-02
1.204843118356247605e-02
1.725459362975131569e-02
1.519225660895087010e-02
1.314920511805535777e-02
1.317659847526462397e-02
1.301984330567080260e-02
1.492720008116570421e-02
1.281331864600404082e-02
1.423915532754118328e-02
1.697004163783736100e-02
1.274952450714202275e-02
1.124022537613013351e-02
1.575730406689298396e-02
1.151260206390442367e-02
1.604328898995251509e-02
1.494281928083207069e-02
1.131959525003362055e-02
1.439745463326017223e-02
1.438204838616755424e-02
1.149592326004318481e-02
1.287561506526591244e-02
