1.391942607187499417e-02
1.635595578370704212e-02
1.422425904369549986e-02
1.409219686513251031e-02
1.522453854929111706e-02
1.420827606682027559e-02
1.530189937977198197e-02
1.120743992675735448e-02
1.547555448055270080e-02
1.201476652067226362e-02
7.648140212456224808e-03
1.554863835785376749e-02
1.412266750642286739e-02
1.509329778587576408e-02
1.435188673565373010e-02
1.236872955008226638e-02
1.454547692966612522e-02
1.233785740439442835e-02
1.427085587368677813e-02
1.322006183139705707e-02
1.638105327243428305e-02
1.296003890807512389e-02
1.211176623922980734e-02
1.862054976140138998e-02
1.099379619110672432e-02
1.189970699339000862e-02
1.586967283985087768e-02
1.395510752080965193e-02
1.557786477776698306e-02
1.525732899227229093e-02
1.117880275351396460e-02
1.371456117042698514e-02
1.272537029537683557e-02
1.537542164565041010e-02
1.293231054151310934e-02
1.110147475753389852e-02
1.316848301918059627e-02
1.500415795884900948e-02
2.134549169346874539e-02
1.122126910579584330e-02
1.503244165032104410e-02
1.509569613582026001e-02
1.181032235847567259e-02
1.511371799277873643e-02
1.695824952647775191e-02
1.564462699468194273e-02
1.319135369192249094e-02
1.032083018167285343e-02
1.551967120434277585e-02
1.177485987441001872e-02
1.753762860421354680e-02
1.380711469048592072e-02
1.538563477135589629e-02
1.373069103334496367e-02
1.503524695515206025e-02
1.746334432314988402e-02
1.599878100374618403e-02
1.652644290108451833e-02
1.299865810791927395e-02
1.469450615829523930e-02
1.251672164907867077e-02
1.444332283552497882e-02
1.302367284767383393e-02
1.610804115660938868e-02
1.647463938988697613e-02
1.427539210657711825e-02
1.657169667457238094e-02
1.479542345205234373e-02
1.366909276788401927e-02
1.755602564707780047e-02
