1.691869300331680370e-02
1.311039167224369896e-02
1.358689067948511478e-02
1.090920568395219691e-02
1.650888629030801066e-02
1.761853294139073198e-02
1.505674731997082641e-02
1.512648039197967212e-02
1.359844962764493286e-02
1.924838460693572076e-02
1.635634422751978956e-02
1.200814586869690913e-02
9.707701281713197045e-03
1.314173974140584421e-02
1.827450559495513022e-02
1.915882430775143336e-02
1.326700992426499415e-02
1.008399897401855878e-02
1.015842332090798918e-02
1.387042166849841718e-02
1.305144599148983474e-02
1.307998952085653865e-02
1.352389527752943278e-02
1.274059666021274545e-02
1.266400993918412321e-02
8.882871612659951066e-03
1.482860293131650978e-02
1.358099109233323713e-02
1.072510405984944230e-02
1.549720182540204917e-02
1.830211706300179791e-02
1.211071452915619094e-02
1.493481288122281564e-02
1.682411900267743315e-02
1.254236128609291165e-02
1.256040829665280162e-02
1.677182672257280030e-02
1.840299962892846114e-02
1.454802614840204102e-02
1.600146256954364590e-02
1.082403550596831333e-02
1.223310378033152547e-02
1.752760646770101446e-02
1.422628371822501347e-02
1.359680825493955747e-02
1.360308714977490931e-02
1.210470586926069500e-02
1.213800280374813072e-02
1.519332709942461911e-02
1.725430620328728681e-02
1.713811054677231993e-02
1.556332645333829805e-02
1.357887106392062504e-02
1.630252753873653870e-02
1.440784853682388657e-02
1.658160536254477471e-02
1.855896833156987433e-02
1.221192742696061012e-02
1.398874020304000272e-02
1.211301093537594728e-02
1.455678834518299783e-02
1.266360458281211819e-02
1.377281510563059530e-02
1.435080026559110503e-02
1.612856016560194547e-02
1.500709519125431601e-02
1.499748871257758527e-02
1.175804416585657895e-02
9.767697870270559274e-03
1.856756817743352925e-02
