1.631194946371438553e-02
1.342381039647932810e-02
1.701510714398375354e-02
1.609614006581174331e-02
1.738843323140569150e-02
1.458712474770313371e-02
1.308962447233949326e-02
1.310113369297216147e-02
1.207341497395907591e-02
1.237788719117441025e-02
1.645270997593087023e-02
1.233486445992247951e-02
1.347189957433558849e-02
1.843061401667684882e-02
1.229607212788037980e-02
1.780952802904685675e-02
1.345516925123160963e-02
1.098907225935647630e-02
1.436531854833338583e-02
1.362709395224140710e-02
1.276664279287025201e-02
1.655877664333706839e-02
1.415124660028015992e-02
1.519141722962212039e-02
1.403760009834080502e-02
1.438235731011957598e-02
1.331625858249097134e-02
1.250727963619528357e-02
1.421099283687488925e-02
1.517637196928128124e-02
1.470576852581157931e-02
1.318199983700153559e-02
1.938183489547571151e-02
1.482284200640251841e-02
1.296595775704282964e-02
1.512396496977308144e-02
1.367918120442786906e-02
1.825301105925360157e-02
1.140196672465308703e-02
1.393955479029205906e-02
1.414656194573584401e-02
1.447096326513635199e-02
9.863671174937678129e-03
1.269719254938053016e-02
1.484487619201767424e-02
1.621693569300178966e-02
1.473762801989839805e-02
1.467236335249741223e-02
1.382597343168899019e-02
1.490317806792336094e-02
1.701714222658799389e-02
1.288452994854142122e-02
1.210980296883142418e-02
1.153859601090669734e-02
1.379966128277806438e-02
1.329334472870971964e-02
1.559902232411021147e-02
1.520270636688036796e-02
1.631099484756061424e-02
1.124071692525365103e-02
1.683515960793151300e-02
1.285967188254945326e-02
1.275081279462222071e-02
1.381100700990891585e-02
1.471831793004258794e-02
1.705399192680835327e-02
1.032896662328480590e-02
1.546424179968264312e-02
1.621460034477599510e-02
1.213537571396989742e-02
