2.400000000000000000e+01
2.400000000000000000e+01
1.300000000000000000e+01
1.300000000000000000e+01
2.400000000000000000e+01
1.300000000000000000e+01
2.400000000000000000e+01
1.300000000000000000e+01
1.300000000000000000e+01
1.300000000000000000e+01
1.300000000000000000e+01
1.300000000000000000e+01
1.300000000000000000e+01
1.300000000000000000e+01
2.400000000000000000e+01
6.800000000000000000e+01
3.700000000000000000e+01
6.800000000000000000e+01
3.700000000000000000e+01
1.000000000000000000e+00
6.800000000000000000e+01
4.700000000000000000e+01
4.700000000000000000e+01
4.700000000000000000e+01
6.800000000000000000e+01
6.500000000000000000e+01
6.500000000000000000e+01
6.800000000000000000e+01
6.800000000000000000e+01
3.700000000000000000e+01
2.200000000000000000e+01
2.200000000000000000e+01
1.100000000000000000e+01
2.400000000000000000e+01
2.200000000000000000e+01
2.200000000000000000e+01
2.200000000000000000e+01
2.200000000000000000e+01
3.000000000000000000e+01
3.000000000000000000e+01
3.000000000000000000e+01
3.000000000000000000e+01
3.000000000000000000e+01
3.000000000000000000e+01
3.000000000000000000e+01
2.900000000000000000e+01
2.900000000000000000e+01
2.900000000000000000e+01
2.900000000000000000e+01
2.000000000000000000e+01
5.000000000000000000e+01
2.900000000000000000e+01
5.000000000000000000e+01
2.900000000000000000e+01
5.000000000000000000e+01
2.900000000000000000e+01
5.000000000000000000e+01
2.900000000000000000e+01
2.000000000000000000e+01
5.000000000000000000e+01
2.200000000000000000e+01
1.400000000000000000e+01
4.400000000000000000e+01
4.400000000000000000e+01
1.400000000000000000e+01
1.400000000000000000e+01
3.000000000000000000e+01
4.400000000000000000e+01
4.400000000000000000e+01
4.400000000000000000e+01
4.400000000000000000e+01
1.400000000000000000e+01
4.400000000000000000e+01
1.400000000000000000e+01
5.900000000000000000e+01
6.900000000000000000e+01
6.900000000000000000e+01
6.900000000000000000e+01
6.900000000000000000e+01
4.300000000000000000e+01
6.900000000000000000e+01
6.900000000000000000e+01
6.900000000000000000e+01
6.900000000000000000e+01
6.900000000000000000e+01
4.300000000000000000e+01
3.400000000000000000e+01
3.400000000000000000e+01
3.400000000000000000e+01
3.400000000000000000e+01
