1.613474237699109512e-02
1.544497033879922709e-02
1.490746292234921590e-02
1.081029250403063059e-02
1.727349876751450158e-02
1.308469369622596891e-02
1.448084436111661023e-02
1.369064894484027864e-02
1.282054784385228477e-02
1.158741552759865075e-02
1.382696087788493761e-02
1.300205326472301734e-02
1.406957491017411972e-02
1.532271445061807527e-02
1.290001545716948535e-02
1.493402342072070420e-02
1.590181467101210722e-02
1.404502268821768846e-02
1.227684304311462034e-02
1.241587036657885827e-02
1.267054047282231526e-02
1.186594183320532729e-02
1.862015816372326882e-02
1.068743170310233748e-02
1.440224497522337062e-02
1.174090019915608601e-02
1.601695573776204529e-02
1.489165217566515605e-02
1.211385124958823042e-02
1.987584236852363989e-02
1.408156722845863365e-02
1.401924919695466537e-02
1.579981182973112103e-02
1.649106936271970900e-02
1.351014748485963174e-02
1.539951545658907288e-02
1.198568213974257959e-02
1.393433480996838711e-02
1.293843285672377150e-02
1.426655511156126044e-02
1.077922768143274937e-02
1.453519757483205319e-02
1.357389171017603369e-02
1.757539636851413595e-02
1.960611639703457518e-02
1.308083275662662477e-02
1.440637309892840723e-02
1.358156990901880808e-02
1.350496130389827916e-02
1.323483423010448322e-02
1.493223952750512978e-02
1.371548386491739518e-02
1.200793839927251014e-02
1.855110043249862464e-02
1.258392606741368623e-02
1.455462861996966589e-02
1.367914680074477571e-02
1.756470786004813225e-02
1.813647525684355249e-02
1.367391420206563388e-02
1.910935448634095563e-02
1.333406897036889908e-02
1.195435116497926484e-02
1.351958292483484113e-02
1.274537887387327748e-02
1.584434991434961054e-02
1.008660794185525615e-02
1.740885785522190005e-02
1.387701336655007382e-02
1.460057765016796461e-02
