1.452976667938485345e-02
1.749952441045217813e-02
1.489208918126887563e-02
1.401077941406393343e-02
1.255798047692035201e-02
1.152109136425714248e-02
1.528814335987871247e-02
1.338818178886791617e-02
1.497013665008207171e-02
1.309560224187100719e-02
1.508557297182827432e-02
1.380411276953979506e-02
1.472559088248243109e-02
1.257824105052120049e-02
1.194096472063709523e-02
1.332212972996873850e-02
1.211044872514016948e-02
1.232175320399799337e-02
1.048642282571073808e-02
1.688930277125931870e-02
1.475677002622226633e-02
1.595783399098640865e-02
1.819818261190940881e-02
1.404047644784112668e-02
1.442053328458610048e-02
1.246482605913186437e-02
1.252818498535809150e-02
1.171127436250401707e-02
1.770484201012218275e-02
1.544657921179108315e-02
1.129807045115991185e-02
1.353183713003533635e-02
2.227122569720049738e-02
1.133088030488032562e-02
1.614506987120751039e-02
1.659053811395927100e-02
1.361877100588801577e-02
1.475680406166450000e-02
1.277384602078244710e-02
1.343836588058760703e-02
1.978433550814902991e-02
1.977876666275154779e-02
1.462381340181447345e-02
1.100011807686651112e-02
9.200531695399187526e-03
1.246785975949120384e-02
1.512758196129422063e-02
1.607589294703998944e-02
1.047882340491366158e-02
1.480414862472589042e-02
1.742333928164136944e-02
1.645354831633506418e-02
1.334312458721270342e-02
1.299137822819120686e-02
1.386972055505396144e-02
2.027826086809818643e-02
1.087697252741532533e-02
1.211055729461925530e-02
1.303051666689991790e-02
1.593737641601447597e-02
1.427457979271161415e-02
1.584181919335096375e-02
1.477717992086170253e-02
1.517853336575100166e-02
1.746483928236788191e-02
1.316781063647300652e-02
1.302265908988936224e-02
1.270562304584204293e-02
1.133145326910331950e-02
1.457608887377132359e-02
