1.560730580973729471e-02
1.349783931227740465e-02
1.152538050233001959e-02
1.669642035702454189e-02
1.420919263883835965e-02
1.313376231966678111e-02
1.179837474594125184e-02
1.376197729973552275e-02
1.424522024283047215e-02
1.569513119555646791e-02
1.822691574481256904e-02
1.193220545245631502e-02
1.227866255713026822e-02
1.555707755821538786e-02
1.697224585915934475e-02
1.213055954578992450e-02
1.426031202123345144e-02
1.437480907032782571e-02
1.644173468153951531e-02
1.463214750098852310e-02
1.762853417287209984e-02
1.490127330046050851e-02
1.198453414410332110e-02
1.361475630846086839e-02
2.064817877423108169e-02
1.464158629107892642e-02
1.012769028701612263e-02
1.297069030198461440e-02
1.393769087445244012e-02
1.528202908725311698e-02
1.250011545798846227e-02
1.400503715878227695e-02
1.618755276530596532e-02
1.600077665139492539e-02
1.500300313633150598e-02
1.376457554089394186e-02
1.328328715257319839e-02
1.183228093763057272e-02
1.038779950002865528e-02
1.280085062797696981e-02
1.211750215477911882e-02
1.566437087832625932e-02
1.439991734696774960e-02
1.244801235752607781e-02
1.564460392142641779e-02
1.384015124683652537e-02
1.262448941682504239e-02
1.609517354936699368e-02
1.270545511524524655e-02
1.340390903341096007e-02
1.487776021971968891e-02
1.587240959437849139e-02
1.576888254997499406e-02
1.018359704055164794e-02
1.476832284694977980e-02
1.386522520123881046e-02
1.638018180554648776e-02
1.492012267315170546e-02
1.703004183670272023e-02
2.010802831383643255e-02
1.233032339303737242e-02
1.463312819554535293e-02
1.167445842699703709e-02
1.422299523713727726e-02
1.253012908671006023e-02
1.259186513573753996e-02
1.754689108583918841e-02
1.637742617671080272e-02
1.384336566079750683e-02
1.305174361231597850e-02
