9.750484527153281331e-03
1.214436478719199512e-02
1.111383735186122039e-02
1.398208462749654830e-02
1.670297670949160568e-02
1.904293270492736154e-02
1.678966676713315037e-02
1.314188607511495958e-02
1.349966405016909086e-02
1.092849093697952599e-02
1.417759575295456966e-02
1.989594305002170133e-02
1.539684486979707619e-02
1.343130213457895475e-02
1.546414465537946856e-02
1.863571973860871436e-02
1.233677071261200797e-02
1.576995174080804418e-02
1.034740588485523125e-02
1.213832434249953983e-02
1.249238530634246176e-02
1.589605469440870736e-02
1.365126930554822794e-02
1.101094112012971672e-02
1.462913276980748814e-02
1.487240546943992790e-02
1.729140244338796956e-02
1.382692230898925623e-02
1.701604683138014176e-02
1.444531192785324623e-02
1.966828410185380085e-02
1.632590375245039985e-02
1.638737143859303816e-02
1.383299213406420994e-02
1.381456556073416657e-02
1.884139031430103611e-02
1.150041837866678206e-02
1.371920948605164815e-02
1.168985130213464653e-02
1.335272933733154532e-02
1.501510994851974409e-02
1.296456976275630127e-02
1.332757281593988964e-02
1.404892139617944236e-02
1.609965463880785527e-02
1.249716915744568564e-02
1.577085327442007134e-02
1.122056665320142303e-02
1.428097734947910043e-02
1.344804897432610308e-02
1.554460647346197176e-02
1.582680797217413463e-02
9.800520780215650832e-03
1.297938799154406755e-02
1.338804339332583769e-02
1.493934477287209989e-02
1.473344932773423301e-02
1.438261172883295753e-02
1.266959362124744741e-02
1.672479238614151681e-02
1.169996588159163790e-02
1.296484744081735987e-02
1.245215859880705912e-02
1.592641266956713875e-02
1.715301733903671841e-02
1.773869467188788490e-02
1.019438524923157140e-02
1.199040806471745289e-02
1.528922990166374681e-02
1.597329836095162311e-02
