1.303248140965562740e-02
1.401810713165657293e-02
1.109346193244981418e-02
1.280525112408279452e-02
1.397070574824738412e-02
1.735900012178464430e-02
1.893188589556455206e-02
1.808044305787226066e-02
1.241054865316422624e-02
1.801962916819709395e-02
1.448422503072896092e-02
1.362216757620517832e-02
1.630661500069176262e-02
1.357605414896599118e-02
1.748622198093701188e-02
2.010978911040590261e-02
1.583286574852348430e-02
1.159021855381140755e-02
1.156149977548540271e-02
1.392235225903756465e-02
1.355722673236843707e-02
1.275386149196233547e-02
1.486139763173410268e-02
1.188222799715704485e-02
1.420899054574302316e-02
1.513807781363468025e-02
1.484632036768374422e-02
1.792960445601110217e-02
1.087133036756031748e-02
1.247488728082346565e-02
1.394752389295569016e-02
1.295427539218196693e-02
1.239323662359393015e-02
1.128286471083210334e-02
9.286306294788437832e-03
1.845352629920269522e-02
9.046970212228029953e-03
1.298801576071547878e-02
1.045097412185698113e-02
1.565646615615079451e-02
1.371194715364675368e-02
1.911418436300913251e-02
2.211236647557115673e-02
1.525538152568811645e-02
1.563079988911324214e-02
1.334628013535754318e-02
1.534348529283622448e-02
1.535319604052697712e-02
1.881010030632214794e-02
1.719183217783709985e-02
1.175455767258152227e-02
1.143149567205653874e-02
1.565061188366143052e-02
1.007158401549311522e-02
1.419259812302750903e-02
1.310574291958323430e-02
1.233525114111114727e-02
1.752083828114691516e-02
1.448429470399206602e-02
1.413448300355278284e-02
1.326309924050385856e-02
1.420663999305824161e-02
1.555056998311639578e-02
1.239033552089973192e-02
1.301353754601392368e-02
1.495822655697507872e-02
1.421345854338750339e-02
1.360198648342226570e-02
1.346826637144639405e-02
1.158524140841051160e-02
