1.376143089662902087e-02
1.400923770448066902e-02
1.172265874695843299e-02
2.031718520848003334e-02
1.550980235049399976e-02
1.166394908547564030e-02
1.740041580254800963e-02
1.537522026913458809e-02
1.110684824609558044e-02
1.403605668359584127e-02
1.876336697518116853e-02
1.371683096379383224e-02
1.767978166040294966e-02
1.548080933006666486e-02
1.280992866693309723e-02
1.365113542593886405e-02
1.545866262223620849e-02
1.314998510399057949e-02
1.640264661779013491e-02
1.301253433540798532e-02
1.550917726740723077e-02
1.488179136656185043e-02
1.661698081385540662e-02
1.260394980396478161e-02
1.340756101843082471e-02
1.451554933653530222e-02
1.642685295547255050e-02
1.378287688259920846e-02
1.550836436315721975e-02
1.357473066044437987e-02
1.526715827746711295e-02
1.415871904249146017e-02
1.149689622266673872e-02
1.370578645710519329e-02
1.354417681584966712e-02
1.495019595971121273e-02
1.134015234028311683e-02
1.582058606138316698e-02
1.206202627129071905e-02
1.613107709951881047e-02
1.288277558688162572e-02
1.811098376095112913e-02
1.538515933725092058e-02
1.585565608281302649e-02
1.089960775626470924e-02
1.159759860577165395e-02
1.353410397778602968e-02
1.271782234350607617e-02
1.398279506068738666e-02
1.110786982487667503e-02
1.722788213174653027e-02
1.227735814304974082e-02
1.491743615017659084e-02
1.250567057552530448e-02
1.202588302379943574e-02
1.252569126282257993e-02
1.484643593794899609e-02
1.626809496622497880e-02
1.239219598192001226e-02
1.428702827074278779e-02
1.388970532820829606e-02
1.670020541467717723e-02
1.392073366841975642e-02
1.255942524606143938e-02
1.340244720960697550e-02
1.599501503645135367e-02
1.644736679188771658e-02
1.334045194991676127e-02
1.141547190847377012e-02
1.664803295372119241e-02
