9.000000000000000000e+00
1.200000000000000000e+01
1.200000000000000000e+01
3.600000000000000000e+01
3.600000000000000000e+01
1.200000000000000000e+01
3.600000000000000000e+01
3.600000000000000000e+01
3.600000000000000000e+01
3.600000000000000000e+01
3.600000000000000000e+01
1.200000000000000000e+01
1.200000000000000000e+01
1.200000000000000000e+01
1.200000000000000000e+01
6.100000000000000000e+01
6.100000000000000000e+01
1.500000000000000000e+01
1.500000000000000000e+01
6.100000000000000000e+01
6.100000000000000000e+01
6.100000000000000000e+01
6.100000000000000000e+01
6.100000000000000000e+01
1.500000000000000000e+01
1.500000000000000000e+01
1.500000000000000000e+01
1.500000000000000000e+01
6.100000000000000000e+01
6.100000000000000000e+01
1.700000000000000000e+01
1.700000000000000000e+01
1.700000000000000000e+01
1.700000000000000000e+01
1.700000000000000000e+01
1.700000000000000000e+01
1.700000000000000000e+01
1.700000000000000000e+01
1.500000000000000000e+01
1.500000000000000000e+01
1.500000000000000000e+01
1.700000000000000000e+01
1.700000000000000000e+01
1.700000000000000000e+01
1.700000000000000000e+01
6.500000000000000000e+01
1.500000000000000000e+01
1.500000000000000000e+01
4.500000000000000000e+01
4.500000000000000000e+01
1.700000000000000000e+01
1.700000000000000000e+01
1.500000000000000000e+01
1.500000000000000000e+01
1.500000000000000000e+01
1.500000000000000000e+01
1.500000000000000000e+01
1.500000000000000000e+01
1.500000000000000000e+01
1.500000000000000000e+01
6.500000000000000000e+01
6.500000000000000000e+01
2.800000000000000000e+01
2.800000000000000000e+01
1.700000000000000000e+01
3.800000000000000000e+01
1.500000000000000000e+01
6.100000000000000000e+01
1.700000000000000000e+01
3.800000000000000000e+01
6.500000000000000000e+01
1.700000000000000000e+01
1.500000000000000000e+01
4.500000000000000000e+01
6.200000000000000000e+01
1.500000000000000000e+01
3.000000000000000000e+00
1.500000000000000000e+01
3.800000000000000000e+01
5.900000000000000000e+01
3.000000000000000000e+00
2.600000000000000000e+01
3.800000000000000000e+01
2.000000000000000000e+00
1.500000000000000000e+01
1.500000000000000000e+01
3.000000000000000000e+00
3.000000000000000000e+00
1.500000000000000000e+01
1.500000000000000000e+01
