1.099382399369549373e-02
1.400358814444411376e-02
1.368469880554220967e-02
1.416190501508495826e-02
1.265566727755051968e-02
1.575264274516026408e-02
1.145847457081492632e-02
1.539714140786912870e-02
1.257266161756687671e-02
1.466252544611362958e-02
1.377125974088887553e-02
1.408321043638357389e-02
1.587332742112168918e-02
1.466560924542482935e-02
1.216595027966659893e-02
2.249544760955831529e-02
1.444311714978995312e-02
1.746790774042158295e-02
1.489006454950591619e-02
1.456509553967716766e-02
1.619496839931370419e-02
1.620902362239126648e-02
1.430163937183405801e-02
1.303647226154186489e-02
1.251157726959268440e-02
1.263453117458962841e-02
1.338803256196906266e-02
1.421778682280924223e-02
1.463935497985271138e-02
1.223983381734974896e-02
1.583121525467748314e-02
1.455162040631249876e-02
1.456383041582703063e-02
1.638955349198414554e-02
1.534919888943516060e-02
1.288612701474028607e-02
1.683217709783099009e-02
1.369896346109564407e-02
1.150193908298364348e-02
1.421268362662118229e-02
1.437167824483458201e-02
1.180083382677106149e-02
1.584779728219620418e-02
1.411553865402851403e-02
1.580906767536171056e-02
1.515003369075036861e-02
1.777670946920766742e-02
1.538848855063873478e-02
1.133110693012817465e-02
1.599244034908948661e-02
1.410912334995359507e-02
1.526206808349411283e-02
1.109439383784252553e-02
1.608805729263203602e-02
1.261836803010332915e-02
1.220020562763054518e-02
1.876376716057343713e-02
1.442744666896724620e-02
1.422418377136597765e-02
1.459415399537329627e-02
1.403303629978594480e-02
1.767410482259062360e-02
1.242261542096655992e-02
1.397707270043131896e-02
1.360722956521396784e-02
1.490163399778510374e-02
1.167073791261484181e-02
9.938123386331187623e-03
1.479463289321746380e-02
1.106070275108767334e-02
