1.539030498925708819e-02
2.134540395676502028e-02
1.697306412728274636e-02
2.074092859431955413e-02
1.750722533328270825e-02
2.273967936506978912e-02
1.871467546967419890e-02
1.994850411786424152e-02
1.869922096456117996e-02
1.662182680983072952e-02
2.088650164606839846e-02
2.167699928053545139e-02
1.942313910985662279e-02
1.930401926727831965e-02
2.430514880035029510e-02
1.819389981424190603e-02
2.281813941440234347e-02
1.792481833153595008e-02
1.743390012178542073e-02
1.818913011047664646e-02
1.707798698191466402e-02
1.849261278150514387e-02
2.502423339942824385e-02
2.443178498904343202e-02
1.909034127841632150e-02
1.949394696152846954e-02
2.555228018943410742e-02
1.923902935190275471e-02
1.881498642065509985e-02
2.052481054031505062e-02
2.135665075086892045e-02
2.395406323551877922e-02
2.036476581341766304e-02
2.596617996248425098e-02
2.340511448447607501e-02
1.701749706130454079e-02
2.195277024778544139e-02
1.768499136396151430e-02
2.123496319128873738e-02
2.251632154771491395e-02
1.621986190065060132e-02
2.120163727607249013e-02
1.936671734682749585e-02
1.730383801560292367e-02
1.639590842210659344e-02
2.290492101988741286e-02
1.885531864735083898e-02
1.747023904559818000e-02
2.625120958051647968e-02
1.199848856798435559e-02
