1.295138746934603943e-02
1.236622261146336221e-02
1.484816164726530247e-02
1.089820764284631788e-02
1.277888097974693576e-02
1.053189266761356269e-02
1.067442743246648298e-02
1.494130203555791778e-02
1.520849481357463596e-02
1.435706411769190755e-02
1.621767523905019368e-02
1.049848780574846353e-02
1.318055780090486052e-02
1.560604953825402673e-02
1.194828973720159747e-02
1.445345337136297835e-02
1.808931986618400600e-02
1.548489253281632588e-02
1.550267678377463196e-02
1.571015226898737557e-02
1.183017457275775501e-02
1.621957109663327984e-02
1.172803392524357155e-02
1.116030027116633565e-02
1.259212179010564710e-02
1.166613769668702408e-02
1.721800522919447046e-02
1.591601090764279205e-02
1.465950796131643488e-02
1.513903864495222407e-02
1.264098884942652969e-02
1.303432084709744282e-02
1.909035965444260199e-02
9.132340045401589682e-03
1.010823695358124656e-02
1.073199865528337571e-02
1.881763257945842996e-02
1.509251989825851140e-02
1.024874279598981391e-02
1.797035585289032122e-02
1.416298163851184046e-02
1.404312664106152284e-02
1.369735297308637481e-02
1.254216853263593820e-02
1.661322286645624743e-02
1.458372280458700154e-02
1.491155204686676720e-02
1.625422164218596685e-02
1.565611246011968868e-02
1.461489258134994126e-02
1.446159512510566611e-02
1.519680215606862735e-02
1.465828872910608129e-02
1.217103120443499900e-02
1.394362670685948651e-02
1.748688613870365630e-02
1.187733324296404679e-02
1.545846428281483394e-02
1.302451379678064118e-02
1.252204172716210769e-02
1.587340800732184656e-02
2.426056027673839308e-02
1.296782420508801187e-02
1.116831308020342639e-02
1.932903257957573756e-02
1.190348888993246999e-02
1.302164923135614057e-02
1.284384788169908725e-02
1.932749251409789440e-02
2.018045144773941355e-02
