1.681286812603316472e-02
1.077240440496366088e-02
9.204018388941335310e-03
2.014342146033720402e-02
1.637953249329872352e-02
1.295470303006866081e-02
1.845976921004370205e-02
1.724374897863330952e-02
1.408094421382783193e-02
1.426588278798499726e-02
1.380851125408330375e-02
1.286850361689134518e-02
1.058971347005460868e-02
1.938972769610124852e-02
1.567230356039340036e-02
1.426928561351513934e-02
1.511113372836237964e-02
1.078096493055864802e-02
1.546680802757416547e-02
1.183880562912222566e-02
1.308883155279778714e-02
1.367880204816320291e-02
1.344326975819768420e-02
1.543887930568380376e-02
1.049947832512465422e-02
9.620984302091203574e-03
1.413997607402698795e-02
1.459441794668597109e-02
1.563922159829896075e-02
1.453014938375280299e-02
1.466728756346671533e-02
1.511302402479237396e-02
1.384506336769283918e-02
1.236432787377006806e-02
1.394136870321188021e-02
1.703067801629554179e-02
1.678483999659868137e-02
1.683231006742292452e-02
1.311091301722571399e-02
1.683906011024946525e-02
1.386089962537138780e-02
1.735282999200933249e-02
1.485895872623406271e-02
1.845592157717521054e-02
1.435163714438363568e-02
1.352623990405620383e-02
1.438212700755165524e-02
1.573299731670230531e-02
1.345878613248956655e-02
9.468861491423974722e-03
1.186882921724925766e-02
1.211813617027983868e-02
1.218228756048830852e-02
1.498535265717965657e-02
1.751194423851425153e-02
1.421870821617342816e-02
1.343627647723182050e-02
1.401001233048549191e-02
1.413756375814677509e-02
2.163203111229777820e-02
1.043582310479789638e-02
9.917058067785004469e-03
1.553101069325203351e-02
1.417199936831260547e-02
1.626501774297506309e-02
1.359634323042346882e-02
1.152634078773723952e-02
1.351079921598213017e-02
1.448228852324950910e-02
1.369698495370265216e-02
