1.621156362282439797e-02
1.287508595608322787e-02
1.417192655950831603e-02
1.197671455801709202e-02
1.230959583256737051e-02
1.406409657456393278e-02
1.226998436984141731e-02
1.531419996132838551e-02
1.185880905541534039e-02
1.560317015760680388e-02
1.719585272593242634e-02
1.301599714892677159e-02
1.357528830445990653e-02
1.595406724573322430e-02
8.706001474556104153e-03
1.594932678878798610e-02
1.167838261819253293e-02
1.435480548820038289e-02
1.750882516840947950e-02
1.665995151910144162e-02
1.290462443580129778e-02
1.628057877772692147e-02
1.497807106049866416e-02
1.588385986091549532e-02
1.456778486943699664e-02
1.279637874696954065e-02
1.269887563178623627e-02
1.429808904385652078e-02
1.111141331951516313e-02
1.676336809238931566e-02
1.561329199848020613e-02
1.327066851247735331e-02
1.611812396834226557e-02
1.142286990108274530e-02
1.661864144761713430e-02
1.651405378007473473e-02
1.374825249434250517e-02
1.582720308172036808e-02
2.090446708031885870e-02
1.498454395125595195e-02
1.407797700469723932e-02
1.983948998246851461e-02
1.054386365462209665e-02
1.043039910434384945e-02
1.409293923603478597e-02
1.831869844073995626e-02
1.311603558448782431e-02
1.418533949221587043e-02
1.468625084792521233e-02
1.312416112051385288e-02
1.341030370379089030e-02
1.127519821412877044e-02
1.460655035737640391e-02
1.293572594911901290e-02
1.555647713789498274e-02
1.423196383997736569e-02
1.527084960370823918e-02
1.186644892992314015e-02
1.274812941995597318e-02
1.565844303393229553e-02
1.023394851098460498e-02
1.169430290336899436e-02
1.500985000279016213e-02
1.145152885065306089e-02
1.943856517513321489e-02
1.430264750386428876e-02
1.769774457357320765e-02
1.494766523469682855e-02
1.087417856170487356e-02
1.581551884070996755e-02
