1.698125783207833639e-02
1.527571388381178223e-02
1.483581130641170066e-02
1.104694686829442614e-02
1.259305302563351082e-02
1.745393977386822462e-02
1.238689231293245603e-02
1.735138841485578745e-02
1.556099995389236164e-02
1.607556026690241252e-02
1.603521899584825494e-02
1.126354090004539135e-02
1.376208990264891734e-02
1.123198045893912186e-02
1.630413107749784443e-02
1.380211904646395059e-02
1.509344818011233019e-02
1.595204216478053952e-02
1.576891038597065531e-02
1.351202613344984309e-02
1.446348449311494339e-02
1.447992232268266281e-02
1.790322360684970873e-02
9.367142522593664700e-03
1.207194524061600341e-02
1.510844886429601151e-02
1.278535146024826520e-02
1.512715346763886422e-02
1.998185534699581725e-02
1.549644882719613051e-02
1.543645063446972762e-02
1.358735216657692979e-02
1.261069265928693034e-02
1.626298278739736133e-02
1.338865140401578578e-02
1.576261565106602466e-02
1.531547648700569593e-02
1.492734758161411504e-02
1.255148580776168851e-02
1.447752785897443197e-02
1.701035169414105708e-02
1.055088135227940510e-02
1.373151812959578187e-02
1.217284514766117653e-02
1.432140941880742820e-02
1.796396366822558197e-02
1.482514029957925604e-02
1.577294383135414632e-02
1.357661439099254116e-02
1.311133178077126052e-02
1.236233290789109929e-02
1.408476024808089436e-02
1.407993016360250919e-02
1.469090925586818627e-02
1.672761606470804865e-02
1.315018093693323328e-02
1.059470906333277382e-02
1.419439785739328580e-02
1.346399543711492182e-02
1.204261000398133309e-02
1.338199165892788034e-02
1.738073753607405000e-02
1.387767995772240873e-02
1.143119865956442396e-02
1.510492315811654343e-02
1.508254372196760583e-02
1.278997049452331065e-02
1.200525133423295011e-02
1.024921835971389673e-02
1.687541339200396978e-02
