1.285023826856865510e-02
1.264005266661283149e-02
1.694967402561715214e-02
1.284220335556281178e-02
1.472707891987542345e-02
1.195857864026649703e-02
1.385928795317090123e-02
1.368873344910830590e-02
1.183460872138040847e-02
1.221244862369962048e-02
1.251228949044387931e-02
1.434161311468394595e-02
1.218021695770020105e-02
1.294421875528630958e-02
1.409489786770572531e-02
1.307843753183575951e-02
1.226204703615576576e-02
1.463402944786631500e-02
1.494050002734432711e-02
1.966158749942793771e-02
1.340072455446499923e-02
1.569975301708907006e-02
1.475080062705587218e-02
1.482964021969495304e-02
1.135287061048408964e-02
1.329969875861561172e-02
1.525014270426717014e-02
2.208294890506987476e-02
1.480066661618405222e-02
1.604250163018365594e-02
1.620509822635195565e-02
1.280543142411968115e-02
1.460129818811892882e-02
1.012653968711523488e-02
1.317331247808467554e-02
1.730046944376305296e-02
1.467036917260126222e-02
1.341509846439946016e-02
1.666247180764307556e-02
1.681675496772499362e-02
1.535848005981681023e-02
1.217369924616865454e-02
1.097542499408889205e-02
1.001535660470484826e-02
1.302033840634251802e-02
1.249226546202138709e-02
1.802795827762755307e-02
1.417849616297199404e-02
1.469568196583700796e-02
1.114051800555050480e-02
1.649536626460961636e-02
1.318599624171111137e-02
1.152075026634084842e-02
1.249853128542664088e-02
1.690076083638042057e-02
1.620747157084541368e-02
1.580242016735565122e-02
1.749982130431800009e-02
1.281963825513701867e-02
1.451789750258104979e-02
1.643026694435569673e-02
1.505555594381013246e-02
1.575260540479967233e-02
2.075870454248584032e-02
1.433060557252681042e-02
1.206374405837220935e-02
1.460904660663081729e-02
1.228416214904960897e-02
1.217474838569647042e-02
1.551435365709224676e-02
