1.417241334444403582e-02
1.517648619237680317e-02
1.665333340170409293e-02
1.368734037815522511e-02
1.312640648541608772e-02
1.032757609314562640e-02
1.325136369486868033e-02
1.437626489157550584e-02
1.138052864836020320e-02
1.481265085194161286e-02
1.549355189186679346e-02
1.374590482497048405e-02
1.360285997452163886e-02
1.480868186599836739e-02
8.186087278328592690e-03
9.396215320493834025e-03
1.506440581525454563e-02
1.307271762331176090e-02
1.403590808998037009e-02
1.229481294921582618e-02
1.448080176637116766e-02
1.530204436602554743e-02
1.076386492547848350e-02
1.565312545541243730e-02
1.429240335359500957e-02
1.234610463949878736e-02
1.497204961693788215e-02
1.352695000985100135e-02
2.130160193482065478e-02
2.224797617813280629e-02
1.109766928679071021e-02
1.886030689815083525e-02
1.885932460724276324e-02
1.321713835132769244e-02
1.975444217722394091e-02
8.271762227703892412e-03
1.429526391558349693e-02
1.439407960371390238e-02
1.164745769399175290e-02
1.188348036703838762e-02
1.245033228240400094e-02
1.534633263180273412e-02
1.229218965051795398e-02
1.155770071639173995e-02
1.362061289087551294e-02
1.565544407449179568e-02
1.753272472084296818e-02
1.238397198372443060e-02
1.227824841036965521e-02
1.306168563095171445e-02
1.572703554241189350e-02
1.529572823156096634e-02
1.957713925810513136e-02
1.274065193827150604e-02
1.238045484149085003e-02
1.323985348839740693e-02
1.413990861348626490e-02
1.192760290064583291e-02
1.365153411066911612e-02
1.278310576142910847e-02
1.079092590734962061e-02
1.705594982447196720e-02
1.397061987563650784e-02
2.187875052807370865e-02
2.011833852840672759e-02
1.546182948258772484e-02
2.290141579791668894e-02
1.469584364450000555e-02
1.135225656039615984e-02
1.029845518099915466e-02
