5.000000000000000000e+01
5.000000000000000000e+01
5.000000000000000000e+01
5.000000000000000000e+01
5.000000000000000000e+01
2.900000000000000000e+01
4.100000000000000000e+01
2.900000000000000000e+01
2.900000000000000000e+01
3.700000000000000000e+01
2.300000000000000000e+01
1.100000000000000000e+01
1.100000000000000000e+01
1.100000000000000000e+01
1.600000000000000000e+01
5.400000000000000000e+01
2.000000000000000000e+00
2.000000000000000000e+00
5.400000000000000000e+01
5.400000000000000000e+01
2.200000000000000000e+01
3.900000000000000000e+01
6.000000000000000000e+00
2.200000000000000000e+01
3.700000000000000000e+01
3.300000000000000000e+01
3.300000000000000000e+01
3.900000000000000000e+01
3.900000000000000000e+01
3.300000000000000000e+01
3.500000000000000000e+01
3.900000000000000000e+01
3.900000000000000000e+01
3.500000000000000000e+01
3.900000000000000000e+01
2.900000000000000000e+01
2.900000000000000000e+01
2.900000000000000000e+01
2.900000000000000000e+01
2.900000000000000000e+01
5.000000000000000000e+01
5.000000000000000000e+01
5.000000000000000000e+01
5.000000000000000000e+01
5.000000000000000000e+01
5.000000000000000000e+01
5.000000000000000000e+01
5.000000000000000000e+01
5.000000000000000000e+01
5.000000000000000000e+01
5.000000000000000000e+01
5.000000000000000000e+01
5.000000000000000000e+01
5.000000000000000000e+01
5.000000000000000000e+01
3.900000000000000000e+01
3.700000000000000000e+01
2.900000000000000000e+01
4.100000000000000000e+01
4.100000000000000000e+01
4.100000000000000000e+01
4.100000000000000000e+01
4.100000000000000000e+01
2.900000000000000000e+01
2.900000000000000000e+01
2.900000000000000000e+01
2.900000000000000000e+01
2.900000000000000000e+01
2.900000000000000000e+01
2.900000000000000000e+01
2.300000000000000000e+01
1.400000000000000000e+01
2.300000000000000000e+01
3.400000000000000000e+01
1.100000000000000000e+01
1.100000000000000000e+01
2.300000000000000000e+01
1.600000000000000000e+01
1.600000000000000000e+01
1.400000000000000000e+01
1.600000000000000000e+01
1.100000000000000000e+01
1.100000000000000000e+01
1.100000000000000000e+01
1.100000000000000000e+01
2.000000000000000000e+00
2.000000000000000000e+00
5.400000000000000000e+01
4.800000000000000000e+01
2.000000000000000000e+00
2.000000000000000000e+00
5.400000000000000000e+01
4.800000000000000000e+01
4.800000000000000000e+01
2.000000000000000000e+00
4.800000000000000000e+01
4.800000000000000000e+01
5.400000000000000000e+01
4.800000000000000000e+01
4.800000000000000000e+01
2.200000000000000000e+01
2.200000000000000000e+01
2.200000000000000000e+01
3.500000000000000000e+01
3.900000000000000000e+01
2.900000000000000000e+01
2.200000000000000000e+01
2.200000000000000000e+01
2.200000000000000000e+01
2.200000000000000000e+01
2.200000000000000000e+01
6.000000000000000000e+00
2.200000000000000000e+01
6.000000000000000000e+00
2.200000000000000000e+01
3.900000000000000000e+01
3.900000000000000000e+01
3.900000000000000000e+01
3.900000000000000000e+01
3.900000000000000000e+01
3.900000000000000000e+01
3.900000000000000000e+01
2.200000000000000000e+01
3.900000000000000000e+01
3.900000000000000000e+01
3.900000000000000000e+01
2.200000000000000000e+01
3.900000000000000000e+01
3.900000000000000000e+01
3.900000000000000000e+01
3.500000000000000000e+01
3.500000000000000000e+01
3.900000000000000000e+01
3.900000000000000000e+01
3.900000000000000000e+01
3.900000000000000000e+01
3.900000000000000000e+01
3.500000000000000000e+01
3.500000000000000000e+01
3.500000000000000000e+01
3.900000000000000000e+01
3.900000000000000000e+01
3.500000000000000000e+01
3.500000000000000000e+01
3.500000000000000000e+01
2.900000000000000000e+01
2.900000000000000000e+01
2.900000000000000000e+01
2.900000000000000000e+01
2.900000000000000000e+01
2.900000000000000000e+01
2.900000000000000000e+01
2.900000000000000000e+01
2.900000000000000000e+01
2.900000000000000000e+01
2.900000000000000000e+01
2.900000000000000000e+01
2.900000000000000000e+01
2.900000000000000000e+01
2.900000000000000000e+01
