1.321854294594817722e-02
1.704040353637497826e-02
1.604541499875618629e-02
1.312892328886827199e-02
1.098564314091508842e-02
1.589841285496042256e-02
1.537589061075435824e-02
1.366543088908991899e-02
1.293567480848070196e-02
1.256678421886322713e-02
1.076363532685320305e-02
1.648622280670174883e-02
1.479204491709740395e-02
1.622195483308783506e-02
1.355316090391261823e-02
1.230621517343625723e-02
1.293668297912508452e-02
1.393350643854303003e-02
1.297174278973099205e-02
1.537653113277527399e-02
1.494066928449035332e-02
1.242968962611809905e-02
1.914818184113891916e-02
1.224541367436373339e-02
1.030846763764442162e-02
1.138033752369027943e-02
1.245717029701476006e-02
1.190365570866559579e-02
1.745297581739278445e-02
2.090188618451293764e-02
1.408152069080260797e-02
1.137368335299884792e-02
1.348334194457804190e-02
1.765885799711483864e-02
1.440430850164479103e-02
1.483396571228782872e-02
1.363189660825502199e-02
1.699084534288481871e-02
1.369797896877988745e-02
2.394496930370994259e-02
1.599953476521142129e-02
2.050674603720539779e-02
1.327284693831545619e-02
1.454045960446838197e-02
1.322819790156217791e-02
1.075446996930583266e-02
1.465525404611329845e-02
1.239194779653509000e-02
1.893286247974812833e-02
1.134799184283206974e-02
2.200467358372636129e-02
1.257032706162266970e-02
1.211644484869980366e-02
1.299441679713885314e-02
1.888736416706485524e-02
1.141549088054974806e-02
1.231032739024441429e-02
1.211747998549511998e-02
1.406583326129854858e-02
1.554508368672566712e-02
1.491354960436935308e-02
1.457957135500761135e-02
1.622645136547014311e-02
1.071533608737667252e-02
1.560276439148700588e-02
9.450137779359333093e-03
1.106397198801290990e-02
1.389571041917759923e-02
1.395439513145555095e-02
1.246772422205727135e-02
