1.766520617532824772e-02
1.592462119407184531e-02
2.533038079648820828e-02
2.095321332466469622e-02
2.826369039013902629e-02
1.844653602439638371e-02
1.936615262471684876e-02
2.149944994508183951e-02
2.229735920060851515e-02
2.397258138076177950e-02
2.138804375122855400e-02
2.057869350525013200e-02
1.823313206418293239e-02
1.863011294139403293e-02
2.195982048553546048e-02
1.864688591395792863e-02
2.293402577455328981e-02
2.019176517376009700e-02
1.738342410091142654e-02
1.932594759987199887e-02
2.384756882774945186e-02
1.707586763416050341e-02
2.125686364635748227e-02
2.009194156364738776e-02
2.017769604427751065e-02
2.136987666430621366e-02
2.154352832167930401e-02
2.040633958955439392e-02
1.911514166765830580e-02
1.881417165078470843e-02
1.208905723010832503e-02
1.996967513386257997e-02
1.827733823763617177e-02
2.033794483279682125e-02
1.628477820452947297e-02
2.138295301420379060e-02
1.688978480116833450e-02
1.748960715886230602e-02
2.433281540120186062e-02
2.133264008711540510e-02
1.848048444042990970e-02
1.763150246074685068e-02
1.842727410148226400e-02
1.501905953876316382e-02
2.237099507370693408e-02
1.641852209427591136e-02
2.290638874655529997e-02
2.201677224570137287e-02
2.049539396823401097e-02
2.115697525154051559e-02
