1.106977059395685900e-02
1.391418514372308284e-02
1.743707176622248320e-02
1.055650718148645403e-02
1.320878152286093440e-02
1.052419360796317226e-02
1.087772314556280547e-02
1.360708141797917561e-02
1.322072526158217173e-02
1.437715448475047376e-02
2.123613740199258026e-02
1.458239931728021882e-02
1.235044567579814817e-02
1.528106930465716017e-02
1.804163435050879991e-02
1.296083770767438026e-02
1.450338317782111364e-02
1.199526079832433090e-02
1.705780997449652184e-02
1.352729790749989010e-02
1.568278591443605235e-02
1.447210692709208560e-02
1.668718995382430931e-02
1.214988582110538250e-02
1.425661387402980644e-02
1.386014457912261751e-02
1.347767164621268415e-02
1.502837528873504636e-02
2.048872923657721681e-02
1.797765967601655523e-02
1.162382711974313011e-02
1.542523299601780869e-02
1.507784040353770012e-02
1.429034625369780126e-02
1.405622629078521341e-02
1.308220671832596195e-02
1.228070904699855685e-02
1.258843821354172117e-02
1.279664825972513971e-02
1.239002112251266774e-02
1.265232135792251564e-02
1.515877580844213202e-02
1.308853330861238506e-02
1.511177376541475090e-02
1.278605285885987472e-02
1.235333037379976982e-02
1.819995908576088964e-02
1.422825520130118794e-02
1.390611989558740262e-02
1.362737829125303460e-02
1.292165522577805141e-02
1.666746903529613133e-02
1.732519926928697412e-02
1.325284464030984655e-02
1.118912793973375619e-02
1.881666201125200416e-02
1.448054722578150447e-02
1.589356973088936614e-02
1.255397838516599321e-02
1.453345209907413657e-02
1.422640583417265382e-02
1.718984498756164631e-02
1.280862331144816228e-02
1.576898609197719195e-02
1.552939639182820963e-02
1.227110899930079074e-02
1.333426304664577476e-02
1.188185426718062210e-02
1.331357507357612546e-02
1.690680740260849454e-02
