1.020309353884499282e-02
1.685396913906028749e-02
1.285550075540850198e-02
1.759335434268292572e-02
1.426754355744361963e-02
1.118494510369127774e-02
1.210884831719066974e-02
1.030870964953277576e-02
1.540310498410386170e-02
1.460099253599836562e-02
1.852969166071009172e-02
1.818867201944028913e-02
1.150020013532915275e-02
1.495988271781344657e-02
1.596153020091315919e-02
1.422172277320789095e-02
1.536055670626799638e-02
1.459570486065573693e-02
1.559522794309775931e-02
1.404378367836607404e-02
1.483357048666175161e-02
1.300867777138493657e-02
1.199578759078273257e-02
1.403348682009774445e-02
1.216544008712378867e-02
1.369335639470945117e-02
1.584089769176759421e-02
1.571824813403913113e-02
1.276678416527830644e-02
1.359956539631987545e-02
1.818166388441740111e-02
1.248832846465875758e-02
1.770480731313445882e-02
1.404638601911647675e-02
1.680779181810240427e-02
9.043260505015046288e-03
1.516273146840020104e-02
1.645979322797458400e-02
1.201273276312004798e-02
8.204007448148864512e-03
1.417263689492318131e-02
1.392492675489284161e-02
1.377505588128630915e-02
1.537660508414510213e-02
1.482329304569442001e-02
1.406607181701721200e-02
1.224388317595726840e-02
1.779738784761812978e-02
1.210864633416559519e-02
1.673311418229195616e-02
1.565735889457646815e-02
1.326774779878804947e-02
1.339332472575714174e-02
1.506671570636516737e-02
1.469801083258757968e-02
1.516023794075010978e-02
1.401663015158516150e-02
1.675796461769182497e-02
1.614716705204203087e-02
1.332044179825902716e-02
1.288174186568940248e-02
1.685913854109073740e-02
1.308867724813156559e-02
1.243172052826621576e-02
1.537582481310418095e-02
1.706846014727723265e-02
1.518016526124914799e-02
1.126022656190646919e-02
1.441593957872966056e-02
1.282653284814859462e-02
