1.456530757954006827e-02
1.393047663080460886e-02
1.207446484603788214e-02
1.288254501198660140e-02
1.554641731147718593e-02
1.268592203615513322e-02
1.575469538251878659e-02
1.506694385676339565e-02
1.478428754440637427e-02
1.262752840924792792e-02
1.199339512783354628e-02
1.826650582295345077e-02
1.203564414282595404e-02
1.582178564771079959e-02
1.489199146125605965e-02
1.413402114460878510e-02
1.123856775041341682e-02
1.322396759884949050e-02
1.347056352704945927e-02
1.813144057166473505e-02
1.376865508924792793e-02
1.419372784856067285e-02
1.299048347657738751e-02
1.470535437753874887e-02
1.301457739298088334e-02
1.362523463972162806e-02
1.798348260160102449e-02
1.898810529295592159e-02
1.274131969730952184e-02
1.304632188548137187e-02
1.230686659381459089e-02
1.533860478423680444e-02
1.260077336519347876e-02
1.992501860253317533e-02
1.388780822698852842e-02
1.495706147649991831e-02
1.495464189903716878e-02
1.253626719975536007e-02
1.466090510583015205e-02
1.569119004576355683e-02
1.543378442294417695e-02
1.233758145094871785e-02
8.953348946428026089e-03
1.792373144847031474e-02
1.862742342714474725e-02
1.160287459852073037e-02
1.484395573606453987e-02
1.209407234172021027e-02
1.470627744073253924e-02
1.343482748066399460e-02
1.533695858368336502e-02
1.381502795494051437e-02
1.357678267321328798e-02
1.329062304338318214e-02
1.589090832257259236e-02
1.500882634552863984e-02
1.461825062073465742e-02
1.094029429526855932e-02
1.635319536501372850e-02
1.417331209954400886e-02
1.475260908843209658e-02
1.372445078801947174e-02
1.279786871466875517e-02
1.829036494781288713e-02
1.402867358538910716e-02
1.193844243612590152e-02
1.556293649285023575e-02
1.136342114520879146e-02
1.563115455765518719e-02
1.390515064058592092e-02
