2.049825132178336243e-02
1.315447262402404290e-02
1.392185158874738489e-02
1.211608698561160088e-02
1.283294947048797471e-02
1.063423288981675194e-02
1.412357497078643200e-02
2.482142208721061297e-02
1.375000381018339803e-02
1.045400983233745439e-02
1.138227182659355685e-02
1.230379967032525779e-02
1.280917002192836010e-02
1.423949375501994651e-02
1.401989243002849626e-02
1.579086416727095571e-02
1.293165858112405725e-02
1.470621328973330255e-02
1.839852986983167224e-02
1.339309356433575696e-02
1.084925358245515496e-02
1.521241941179157613e-02
1.259792103143007706e-02
1.533793401416205793e-02
1.185279733772138556e-02
1.544940012341336488e-02
1.315492874365876627e-02
1.301662556097712281e-02
1.473038003506409351e-02
1.044567165160166164e-02
1.256878464121887785e-02
1.370174989791783648e-02
1.134659902623765156e-02
1.411594793676027894e-02
1.036506600669694252e-02
1.183620018385988376e-02
1.134161265053472423e-02
1.193739610210413707e-02
1.373933906730128753e-02
1.848760172596803156e-02
1.701710909304804398e-02
1.423413303034742373e-02
1.989997258742472186e-02
1.471804086479391871e-02
2.071345189437695522e-02
1.186717292753081306e-02
1.323294699235530968e-02
1.604560848506066464e-02
1.534644864010315142e-02
1.397532278534161128e-02
1.404686755518921339e-02
1.673912698575589705e-02
1.268646100320066673e-02
1.401234120918583639e-02
1.646163397342330359e-02
1.459033974024077050e-02
1.120738476346041027e-02
2.424563184283187733e-02
1.314212071339351286e-02
1.742086400978071561e-02
1.661896429897319338e-02
1.323571699756142563e-02
1.233955117240187124e-02
1.275310036702648545e-02
1.216998296170383742e-02
1.171047098964404960e-02
1.380195145160834254e-02
1.637746782602266318e-02
1.406987829154438506e-02
1.695046505861376798e-02
