1.301954899251740565e-02
1.410302190127281884e-02
1.037435785517946268e-02
1.434574720270840632e-02
1.294556793143183775e-02
1.341297754271238846e-02
1.491302575489852206e-02
1.285563049667354241e-02
1.483177160645746638e-02
1.848418957339800425e-02
1.978099012080513849e-02
1.312923723647790517e-02
1.254470289712243669e-02
1.466397773985085237e-02
1.644922465748505092e-02
1.394981229002911598e-02
1.598823206923288137e-02
1.387912455230884759e-02
1.298633154852582572e-02
1.277780372845591442e-02
1.254768936653559430e-02
1.524975469337454259e-02
1.847324547574371797e-02
1.593347746607854179e-02
1.390575994378475712e-02
1.438631838048405956e-02
1.698582063750157106e-02
1.358319901706712962e-02
1.652077689764285678e-02
1.496786457299107732e-02
1.481750280776730593e-02
1.313206238871014037e-02
1.189544163983784729e-02
1.126176023209324653e-02
1.508518786156102034e-02
1.734295221391551206e-02
1.333459925115049183e-02
1.859340476933785472e-02
1.389144814553790012e-02
1.264852539294770289e-02
1.671772509341636417e-02
1.765885633934089968e-02
1.244267175646850479e-02
1.173479778592270532e-02
1.502993315211352543e-02
1.187663433026096491e-02
1.688286848329467391e-02
1.433012873943728671e-02
1.372022386015516078e-02
1.608142577994757516e-02
1.268046197918951297e-02
1.300230659965317948e-02
1.082314710090112424e-02
1.546616659459432164e-02
2.005637153661458255e-02
1.298249424146999051e-02
1.454507143680023110e-02
1.256657292667074689e-02
1.410024038913797878e-02
1.107646363279502465e-02
1.406846515732797231e-02
1.411317522089339249e-02
1.325483202904923982e-02
1.172071048943243432e-02
1.601289113634817712e-02
1.260377608954855663e-02
1.283685397318874710e-02
9.718905115236571926e-03
1.422175344361575021e-02
1.768200873556848712e-02
