1.096729934264466244e-02
1.311933759242160137e-02
1.490447399867543196e-02
1.655619973464321146e-02
1.093609932981979248e-02
1.381951390055781957e-02
1.304828530382112599e-02
1.202913335785013235e-02
1.433634641630170646e-02
1.446142878800321836e-02
1.400996700225965418e-02
1.369788435440023183e-02
1.332142243267410604e-02
1.443825283835183278e-02
1.150024354538654002e-02
1.549157795277020418e-02
1.351022971456964164e-02
1.384327798775890697e-02
1.601932249662694346e-02
1.804056304651273715e-02
1.333366748779822239e-02
1.554122147471668873e-02
1.529084070300482448e-02
1.451231173576382136e-02
1.527102112274755612e-02
1.185178912771051030e-02
1.247352694145619466e-02
1.670829632265705827e-02
1.353537643294703934e-02
1.424844474271687311e-02
1.179597254535088950e-02
1.149990170043866874e-02
1.506876980395893510e-02
1.773715165073076402e-02
1.601899905145239694e-02
1.997502771404206096e-02
1.629825304286184814e-02
1.692111798071998727e-02
1.532656420637490240e-02
1.299721413079412205e-02
1.581851199486838944e-02
1.812388986637053154e-02
1.220311604374525044e-02
1.362039940652183187e-02
1.220722110865293808e-02
1.098796460543009085e-02
1.423670594817846857e-02
1.305521072161287474e-02
1.381410554465267206e-02
1.277473411200027477e-02
1.583383918533109655e-02
1.301067093862441626e-02
1.720555304554242937e-02
1.400466552159672709e-02
1.173631765647656193e-02
1.421578659857472733e-02
1.277796343605857622e-02
1.166267732616056013e-02
1.185677837108526332e-02
1.374332717072910409e-02
1.899651457171299199e-02
1.741048946326906322e-02
1.762679260126327405e-02
1.537029024746569897e-02
1.021766914913316629e-02
1.235929121738409478e-02
1.648329757915831598e-02
1.493156731360651204e-02
1.465734228728428866e-02
1.460097991321678695e-02
