1.091440073966558517e-02
1.296139711702612614e-02
1.211355643478506314e-02
1.595350322318355926e-02
1.614481856975290286e-02
1.412664667002443489e-02
1.068905743357089280e-02
1.262943899431327559e-02
1.486308859558694781e-02
1.852777835768608036e-02
1.250451237451903792e-02
1.127305303505438464e-02
1.462239003305668833e-02
1.988135664932921126e-02
2.276811236630851484e-02
1.278516815475992663e-02
1.372385435592824755e-02
1.136039466396565611e-02
1.482897186757909345e-02
1.351677678048727842e-02
1.299984507382843761e-02
1.482325903097384337e-02
1.507163351978197535e-02
1.427641659969983677e-02
1.186251959407216665e-02
9.196601389032782112e-03
1.454281156176186196e-02
1.461697569778892640e-02
2.562160934511421503e-02
1.422518790653458549e-02
1.661292889686329100e-02
1.320289715175092943e-02
1.920096326838876405e-02
1.308398489722039162e-02
1.391016628987138716e-02
1.312915040450967664e-02
1.371650780947511993e-02
1.087377449053110109e-02
1.135175278472073425e-02
1.437570757665911081e-02
1.567129421345078710e-02
1.592907756673222000e-02
1.332994906414988051e-02
1.961793668106237912e-02
9.483548283129548950e-03
1.610634669712847702e-02
1.409883795797079592e-02
1.064536213128473852e-02
1.373790868252632198e-02
1.273106005962266855e-02
1.324521065283486808e-02
1.582015026803537325e-02
1.301113936190808305e-02
1.619096106713027727e-02
1.677219297873628473e-02
1.242810049983186088e-02
1.339505842519049181e-02
1.439444035704353850e-02
1.299555379482069187e-02
1.632857383890577371e-02
1.353723964228915888e-02
1.448541060611644761e-02
1.300745556394676192e-02
1.947027195277354836e-02
1.164770922292713423e-02
1.173346542645038564e-02
1.574495051888223640e-02
1.797550763607859078e-02
1.216247492789972705e-02
1.141984221597850367e-02
