1.671839308651055026e-02
1.352074227770738539e-02
1.434325267322428092e-02
1.373616487987074607e-02
1.397635699107348771e-02
1.612307874769199414e-02
1.337868590553776237e-02
1.347318648865147329e-02
1.535856082457645426e-02
1.211811852097827678e-02
1.432692834913062638e-02
1.225076111998135014e-02
1.246264845415011487e-02
1.345967221217177039e-02
1.679166093717868527e-02
1.181338272852378371e-02
1.129004710262127183e-02
1.400037736840084590e-02
1.638370155933945374e-02
1.735087488389872382e-02
1.471937012658634109e-02
1.328944501695660842e-02
1.334000630376355571e-02
1.220569428770513880e-02
1.217380784532135114e-02
1.298659274351987754e-02
1.433829504609357083e-02
1.127077946807802586e-02
1.856646686860918827e-02
1.548282818802734773e-02
1.902519383065885347e-02
1.406527438932190198e-02
1.258564740926360233e-02
1.642570097131878723e-02
1.663031875419803893e-02
1.232118155797168844e-02
1.360891621202510102e-02
1.494594065076343924e-02
1.357847245392162019e-02
1.438706577741468567e-02
1.284854748210789190e-02
1.401567214173236875e-02
1.676661904604664563e-02
1.281550149013233400e-02
1.707866875560851150e-02
1.465335366416521158e-02
1.267523075706548236e-02
1.407614388241613598e-02
1.352233206549506919e-02
1.129820811550767516e-02
1.096057428785919031e-02
1.527386778689721926e-02
1.392170911550416092e-02
1.214671852066843104e-02
1.868076609746243191e-02
1.551500791295210360e-02
1.694820132662668011e-02
1.296643210002540111e-02
1.478226868051300477e-02
1.487687581305996085e-02
1.444592055465205790e-02
1.329825372380742145e-02
1.594019184814066820e-02
1.833212141388587332e-02
1.375248437951647612e-02
1.293122491031358998e-02
1.109283061472949097e-02
1.344171632425364762e-02
1.657914603047302982e-02
1.553981814564400765e-02
