1.295316756985023451e-02
1.536015564099162817e-02
1.144809997435118631e-02
1.548248326243020258e-02
1.493061426288332279e-02
1.099354366319628233e-02
1.340527596169632796e-02
1.448060025588641074e-02
1.201240332558071479e-02
1.362397560125605880e-02
1.499935287539903503e-02
1.597695075728652880e-02
1.682676959124197388e-02
1.094650782810404482e-02
1.265171287204022200e-02
1.463647338095389744e-02
1.023455176251614890e-02
1.617261862348319881e-02
1.470407134257027508e-02
1.677200672808526472e-02
1.666227882545891562e-02
1.087142589576581622e-02
1.291894784916850121e-02
1.184829807907236687e-02
1.233586040902683034e-02
1.421485823760075713e-02
1.173548375419261949e-02
1.639761010269332256e-02
1.593538244008144839e-02
1.338164473014615517e-02
1.767229088873585249e-02
1.870848248889992252e-02
1.635464217197047862e-02
1.761465757692898260e-02
1.765628450129333102e-02
1.583363271358033397e-02
1.505458381023436903e-02
1.034096164560076303e-02
2.255870245277702760e-02
1.483363285876560488e-02
1.462074131517700042e-02
1.565253490914468235e-02
1.486077458628706424e-02
1.347136070919128202e-02
1.383080975535281622e-02
1.474288603841535615e-02
1.373947098774413837e-02
1.387947253131391334e-02
1.173093369340924216e-02
1.534962410261984760e-02
1.570588681064885930e-02
1.137582785245770146e-02
1.626648796642882200e-02
1.217253830360573788e-02
1.272032280948384719e-02
1.656917480612604687e-02
1.611592977404215435e-02
1.334347742728566807e-02
1.482570320042202877e-02
1.192637851363511844e-02
1.194235722721065027e-02
1.361826046230460094e-02
1.176987084727446238e-02
1.357432564209091509e-02
1.582708090839399576e-02
1.860726114911636503e-02
1.061149746408985954e-02
1.243795548732714966e-02
1.266470532186055563e-02
1.450535268574396422e-02
