1.630332755263423639e-02
1.270849931110351605e-02
1.514046646510631804e-02
1.494597772083610006e-02
1.234882076118939791e-02
1.424666744285260633e-02
1.543724314200557203e-02
1.520143044011592823e-02
1.754857418375310035e-02
1.218796143898969245e-02
1.228962406036689797e-02
1.422655134972676712e-02
1.520073373284505647e-02
1.972269547180042007e-02
1.272958552014867226e-02
1.382256498041709893e-02
1.254663300028079423e-02
1.599064971295496504e-02
1.292066208964339630e-02
1.145623498893406401e-02
1.191146501907303264e-02
1.433291289867428056e-02
1.682817312873277973e-02
1.309339918835271052e-02
1.526856639591580266e-02
1.368637324192605899e-02
1.422209869853277749e-02
1.459178861281090409e-02
1.716199663448439786e-02
1.725349728839824584e-02
1.263053115307408332e-02
9.023959186577744374e-03
1.355212466593797363e-02
1.621699039089677385e-02
1.135410900110935505e-02
1.344937519071658961e-02
1.429668642428258071e-02
1.393473382341717769e-02
1.202461086995974641e-02
1.908590074516975515e-02
1.798796948502483922e-02
1.650461904717503286e-02
1.592588214152552278e-02
1.476969910512426591e-02
1.777747604127207989e-02
1.307427567028996915e-02
1.417928887821828278e-02
1.143822059651009894e-02
1.332056810897340980e-02
9.610272712861002431e-03
1.271896936275882482e-02
1.182969753706910460e-02
1.254602142885254124e-02
1.377442433893750866e-02
1.458027409386983969e-02
1.199058196997605276e-02
1.800133950248991241e-02
1.911282428955514076e-02
1.257327429685370021e-02
1.380947030756265320e-02
1.282566999091288434e-02
1.615241416349898901e-02
1.513580043396323821e-02
1.676635444942129946e-02
1.178441646173975996e-02
1.255993553337746670e-02
1.291105129591103504e-02
1.465649674627572500e-02
1.739258556041230544e-02
1.339593052583991015e-02
