1.566724008864677983e-02
1.425799665045616137e-02
1.500437512575457377e-02
1.258983093892141782e-02
1.399558439220236795e-02
1.580047976696596565e-02
1.447807590098506257e-02
1.315485004619709047e-02
1.334926548160911275e-02
1.467054508230030731e-02
1.667613844757415142e-02
1.667763041190723633e-02
1.403548599836825818e-02
1.364061237784819358e-02
8.706723141394923093e-03
1.502267259519218801e-02
1.210414085915303105e-02
1.369408792761145355e-02
1.513593185611939243e-02
1.345921486785830838e-02
1.413291455582400304e-02
1.204453318018541483e-02
1.752671373774935051e-02
1.363984006805978207e-02
1.496480415143566257e-02
1.378706540840119420e-02
1.340326185369976504e-02
1.386195104036007895e-02
1.245404279751016925e-02
2.081399222581195585e-02
1.776427443350292804e-02
1.388088730978327169e-02
1.323263166223221515e-02
1.223811789882709583e-02
1.177561143431325383e-02
1.586649598917151335e-02
1.535707794399128814e-02
1.174459268515690331e-02
1.827141908349210267e-02
1.190074640326012345e-02
1.855643922550962929e-02
1.494672918281181664e-02
1.346197670986831393e-02
1.364877454500908194e-02
1.436034650553244529e-02
1.265537001792767929e-02
1.385468325694074951e-02
1.533603439427366072e-02
1.332059536573070198e-02
1.452370159201329426e-02
1.316873286938204796e-02
1.305363412230134065e-02
1.462294190264474755e-02
1.773494913455343075e-02
1.394995957951091284e-02
1.629595056444280154e-02
1.613951201873282948e-02
1.160568631502951684e-02
1.328902942166119462e-02
1.442521692017284529e-02
1.044668197492227071e-02
1.630078440386733413e-02
1.591504862643644200e-02
1.376766608833488066e-02
1.393887278366069855e-02
1.734929723105441135e-02
1.036884571197688870e-02
1.456433070501570240e-02
1.316815103976642920e-02
1.444820197108185114e-02
