1.104809544747529723e-02
1.352086896968945386e-02
1.463791437155055435e-02
1.694760177758352845e-02
1.626426307542715166e-02
1.489146858153566483e-02
1.311040591053400442e-02
1.359665909644484222e-02
1.904162370917866429e-02
1.471857096496647158e-02
1.659325807102686109e-02
1.390259432358098048e-02
1.564309799043768143e-02
1.297146391182997689e-02
1.660347635920399190e-02
1.476383646083832824e-02
1.306747593314567212e-02
1.401237217091639425e-02
1.214408623086385419e-02
1.459096219193794890e-02
1.600061231191936620e-02
1.303826154853562382e-02
1.646447580822445536e-02
1.485153419282613137e-02
1.454455150215011421e-02
1.289706693690583286e-02
1.474061441871081513e-02
1.712753291185240001e-02
1.385662712205200722e-02
9.356682342667926866e-03
1.034899805590524038e-02
1.481409843598481893e-02
1.281482172474394596e-02
1.402303042090510647e-02
1.683550868832782085e-02
1.158544262761084138e-02
1.133585323806586727e-02
1.490745919036302360e-02
1.092818383473343445e-02
1.418269434133011958e-02
1.437434819110135382e-02
1.400774322963884051e-02
1.323922469966366811e-02
1.202332063367448321e-02
1.960494993050299062e-02
1.316221765119532892e-02
1.328501686935650537e-02
1.384947307874588758e-02
1.314874292110876190e-02
1.398411501685852334e-02
1.280951755084812349e-02
1.149541370637020658e-02
2.126683792823801447e-02
1.380222264967953874e-02
1.550803400100843332e-02
1.692047214269402217e-02
1.483991066477774630e-02
1.359794590956127890e-02
1.212558913844582510e-02
1.483671674995302829e-02
1.467940292678523995e-02
1.578861380830323333e-02
1.246723745109753166e-02
1.378255933784138139e-02
1.606570583597392160e-02
1.261741091251404948e-02
1.528541559601773354e-02
1.519640585676260494e-02
1.810682410113530205e-02
1.140446630816424264e-02
