1.210526052020069986e-02
1.773980838805340812e-02
1.618297442686116375e-02
1.537533052035007508e-02
1.333246807113646834e-02
1.263974580823322945e-02
1.207499124886103267e-02
1.253690764588559492e-02
1.764566127466767401e-02
1.328995664798442340e-02
1.488916980877135095e-02
1.212465286632209531e-02
1.241885009658006550e-02
1.448845553043385907e-02
1.083117121706450928e-02
1.271461814118280027e-02
1.242534384935043389e-02
1.666216532144175130e-02
1.806186942833599290e-02
1.632028234474434611e-02
1.393322220120822227e-02
1.387856558267614240e-02
1.315486173629190451e-02
1.589801728390524346e-02
1.498866463323252594e-02
1.690249843966106294e-02
1.616189624398141345e-02
1.457195533377171615e-02
1.249752128680068665e-02
1.138525420107662327e-02
1.281558143715177955e-02
1.613794225670693583e-02
1.394799804981053902e-02
1.652857794904482105e-02
1.513003024426199869e-02
1.297284961971533791e-02
1.623267277233957431e-02
1.327078066472632718e-02
1.692193410498518333e-02
1.395837376003313500e-02
1.675000949813583787e-02
1.203294713257119057e-02
1.716175392823301310e-02
1.019077863097783872e-02
1.394718826624097990e-02
1.471707902868658012e-02
2.236924002219683322e-02
1.411033760967435671e-02
1.254382519267561828e-02
1.444887631557697366e-02
1.910497531663241447e-02
1.290075286512937409e-02
1.211850153975216858e-02
2.008681529699313240e-02
1.207216196385266747e-02
1.370761432415973889e-02
1.513121244119870236e-02
1.581125276686435113e-02
1.451237717799599806e-02
1.048330574130460283e-02
9.692372215049748288e-03
1.343224171353128021e-02
1.373867347863934676e-02
1.437249057625806029e-02
1.336787269445446902e-02
1.414965512390517835e-02
1.164766894346400822e-02
1.119319946447939508e-02
1.582459602206526955e-02
1.323134375145880622e-02
