1.465422732890725270e-02
1.495285604636525066e-02
1.330411689353003940e-02
1.330220180902983752e-02
1.496654420293913081e-02
1.537234781523761327e-02
1.567913585964773523e-02
1.269582078236125219e-02
1.295604328864698347e-02
1.775323465384307658e-02
1.061060092499196972e-02
1.169831575567800187e-02
1.266785038449398659e-02
1.213530733791447387e-02
1.054711795530505376e-02
1.068279581948881202e-02
1.445453338606657312e-02
1.440173706898650006e-02
1.700881639668865367e-02
1.457899727193763539e-02
1.312692963469978130e-02
1.328195940007007372e-02
1.607663390201090337e-02
1.578405429728277007e-02
9.893646855022456346e-03
1.115117649095643398e-02
1.456233583309875408e-02
1.582400035379504313e-02
1.589469139315179136e-02
1.663609240848119147e-02
1.680661623566829729e-02
1.200842842661054011e-02
1.197351151896512353e-02
1.282935162372987950e-02
1.437211426006395482e-02
1.639470482381873498e-02
1.569094811862630987e-02
1.338252267484625439e-02
1.283608825764064737e-02
1.665690360478195783e-02
1.311163841737664551e-02
1.332780458759082187e-02
1.498764569210094856e-02
1.680647298022898764e-02
1.479038223870450530e-02
1.369554282044022075e-02
1.872665603416644869e-02
1.577859413752297560e-02
1.430615548470775579e-02
1.312050869750177977e-02
1.880451140055061643e-02
1.415128309719919548e-02
1.397799031617033214e-02
1.114597635206280267e-02
1.412479245673486060e-02
1.236136255419528242e-02
1.403576036505064552e-02
1.645992023402645735e-02
1.535630242322252523e-02
1.330916236442452813e-02
1.663395109692611049e-02
1.325519706777210545e-02
1.378738109982223514e-02
1.402245150967622658e-02
1.561332491085603950e-02
1.539610087253436010e-02
1.454201808524030644e-02
1.289589148003213170e-02
1.493724362483783534e-02
1.693266650294368916e-02
