1.386117410894476508e-02
1.337911158767146787e-02
1.882904344492164136e-02
1.253912138347471755e-02
1.202807747893083236e-02
1.319687751721140834e-02
1.250629216728324847e-02
1.431704048754655657e-02
1.120422327312921816e-02
1.424662539982826139e-02
1.589529051856337222e-02
1.354939834573472973e-02
1.291803584511726569e-02
1.417354070293164875e-02
1.398702150017186278e-02
1.406790770407117738e-02
1.729551563202794476e-02
1.728496649471093771e-02
1.538693045855634225e-02
1.541602309041753549e-02
1.419815116013023459e-02
1.399302591344048913e-02
1.585153526521823619e-02
1.325537500370202980e-02
1.298659680447823532e-02
1.582923096560331228e-02
1.102994284032416880e-02
9.939351782633347801e-03
1.107011550441868407e-02
1.154331142656888319e-02
1.510825254984767690e-02
1.163752062166454639e-02
1.510993520546527122e-02
1.571053800304130291e-02
1.920365333308007502e-02
1.214556548462107644e-02
1.200946300289052436e-02
1.313363921852866642e-02
1.275039523752447522e-02
1.254621382214622660e-02
1.532751671721570112e-02
1.049277193011142681e-02
1.266634924681080653e-02
1.138791762905807040e-02
1.749843219535199973e-02
1.409498995014239753e-02
1.613736512117777341e-02
1.426136079067134160e-02
1.665893079352291292e-02
1.362488677392466319e-02
1.372750176411369899e-02
1.450656202024004117e-02
1.291233998373911111e-02
1.286736777413092538e-02
1.496553145994829886e-02
1.318383539389961570e-02
1.586119716313990138e-02
1.446928343831774093e-02
1.900724095090183807e-02
1.516010277728838465e-02
1.412481776784001164e-02
1.737720694862746745e-02
1.563907940813067179e-02
1.654507350222127540e-02
1.857399889026750336e-02
1.597823817712548319e-02
1.223521663723473735e-02
1.408763113766708756e-02
1.721444912532719626e-02
1.427877424527989290e-02
