1.515512461590991754e-02
1.254773547710401164e-02
1.251765356003819302e-02
1.095083723627077697e-02
1.252894196003223951e-02
1.135550246783604590e-02
1.814845029520082906e-02
1.453487192683450974e-02
1.474795335753351262e-02
1.705361842126759675e-02
1.847196181818116373e-02
1.481634992003050266e-02
9.647258329653629616e-03
1.813110470466467242e-02
1.187406848976564101e-02
1.306104225069493370e-02
1.098377978208166586e-02
1.936323451533051784e-02
2.043551482164445571e-02
1.441115420550015749e-02
1.498649270992290228e-02
1.386769934574905161e-02
1.238983762193188870e-02
1.456359549173016736e-02
1.276768215800057164e-02
1.082838298476447754e-02
1.392941957369897739e-02
1.350647010032117804e-02
1.274561657525347461e-02
1.349607519167253522e-02
1.426471911813669176e-02
1.691537061531014560e-02
1.745759285329840857e-02
1.235083696006894147e-02
1.584085864155414941e-02
1.375171638324007399e-02
1.182392059937103362e-02
1.112147412259216310e-02
1.331567446214822377e-02
1.144397512862393301e-02
1.411779668957928967e-02
1.720066195850561766e-02
1.362784147927495644e-02
1.502684559202634336e-02
9.122598950581171928e-03
1.279866102798894907e-02
1.139650307017961613e-02
1.615474385276502445e-02
1.577471202009660817e-02
1.155645259387865463e-02
1.417868406334029004e-02
1.717241552789487702e-02
2.080758836021505409e-02
1.297213558721969397e-02
1.520916443812338377e-02
1.195419822070319625e-02
1.406454244207818241e-02
1.409818980176686179e-02
1.623152441368017410e-02
1.786166797557222144e-02
1.817716028255120589e-02
1.462168309462175825e-02
1.516053201654734249e-02
1.004338256444035210e-02
1.412349062900920132e-02
1.306378359083420343e-02
1.567118794224971884e-02
1.454456985999749360e-02
1.322982300505723581e-02
1.793389015625712277e-02
