1.482088269948465820e-02
1.387627675821561345e-02
1.036964975403439383e-02
1.513315775451200274e-02
1.441507479105484310e-02
1.405190212519372497e-02
1.215126986225153159e-02
1.213952697597717179e-02
1.564463358335078588e-02
1.332805063795762870e-02
8.370707192346478823e-03
1.453877435386983184e-02
1.188512683404791166e-02
1.471399051702234825e-02
1.610347259138773801e-02
1.321968614393702161e-02
1.289112648031626174e-02
1.153855149053605728e-02
1.657353664916716429e-02
2.063864388754818938e-02
1.994514201499711717e-02
1.105499098835937243e-02
1.272255402006162647e-02
1.636823167538939763e-02
1.451072097051901190e-02
1.500329164599079057e-02
1.296077746060770100e-02
1.359340010154616064e-02
1.409474615908854964e-02
1.365139933603231291e-02
1.215688584955179792e-02
1.669332394256069219e-02
1.878117735351499812e-02
1.527703201495118381e-02
1.415300451836813342e-02
1.490332141359081500e-02
1.537109885877082673e-02
1.936964996398000266e-02
1.427981396199588977e-02
1.241136721491258726e-02
1.660357654075910600e-02
1.653291132859778176e-02
1.636633727992650722e-02
1.279151496402718136e-02
1.221088820910704205e-02
1.983382368438326229e-02
1.368337720144511237e-02
1.608402979836656005e-02
1.578072835391845091e-02
1.726603169637321716e-02
1.685923544848548505e-02
1.313280094632355600e-02
1.388147382322151360e-02
1.290500508695647912e-02
1.331870979192282048e-02
1.265272271732841534e-02
1.124954987904623963e-02
1.615339426803955036e-02
1.363509658922151466e-02
1.313583753718467959e-02
1.540684141810483992e-02
1.335701966409179840e-02
1.265753196341414324e-02
1.443214116062365229e-02
1.221817708578627586e-02
1.263863850069107085e-02
1.398468696850624707e-02
1.194138586229744059e-02
1.108254313932258844e-02
1.449801854552725151e-02
