5.600000000000000000e+01
5.600000000000000000e+01
5.600000000000000000e+01
5.600000000000000000e+01
5.600000000000000000e+01
5.600000000000000000e+01
5.600000000000000000e+01
5.600000000000000000e+01
5.600000000000000000e+01
5.600000000000000000e+01
5.600000000000000000e+01
5.600000000000000000e+01
5.600000000000000000e+01
5.600000000000000000e+01
5.600000000000000000e+01
4.400000000000000000e+01
4.400000000000000000e+01
4.400000000000000000e+01
6.300000000000000000e+01
4.400000000000000000e+01
4.400000000000000000e+01
4.400000000000000000e+01
4.400000000000000000e+01
6.300000000000000000e+01
6.300000000000000000e+01
6.300000000000000000e+01
6.300000000000000000e+01
4.400000000000000000e+01
6.300000000000000000e+01
6.300000000000000000e+01
4.500000000000000000e+01
4.500000000000000000e+01
6.300000000000000000e+01
4.500000000000000000e+01
4.500000000000000000e+01
6.300000000000000000e+01
4.500000000000000000e+01
4.500000000000000000e+01
4.500000000000000000e+01
6.300000000000000000e+01
4.500000000000000000e+01
3.000000000000000000e+00
3.000000000000000000e+00
3.000000000000000000e+00
4.500000000000000000e+01
3.000000000000000000e+00
3.000000000000000000e+00
3.400000000000000000e+01
3.400000000000000000e+01
3.400000000000000000e+01
3.400000000000000000e+01
3.400000000000000000e+01
2.500000000000000000e+01
3.000000000000000000e+00
3.000000000000000000e+00
3.400000000000000000e+01
3.400000000000000000e+01
3.000000000000000000e+00
2.500000000000000000e+01
3.400000000000000000e+01
2.000000000000000000e+01
5.000000000000000000e+01
5.000000000000000000e+01
5.000000000000000000e+01
5.000000000000000000e+01
2.200000000000000000e+01
2.200000000000000000e+01
5.000000000000000000e+01
2.400000000000000000e+01
2.400000000000000000e+01
2.400000000000000000e+01
2.400000000000000000e+01
5.000000000000000000e+01
2.400000000000000000e+01
2.200000000000000000e+01
5.800000000000000000e+01
5.800000000000000000e+01
5.800000000000000000e+01
5.800000000000000000e+01
5.800000000000000000e+01
4.500000000000000000e+01
5.800000000000000000e+01
4.500000000000000000e+01
5.800000000000000000e+01
5.800000000000000000e+01
4.500000000000000000e+01
5.800000000000000000e+01
5.800000000000000000e+01
5.800000000000000000e+01
5.800000000000000000e+01
