1.237382229902756099e-02
1.550339222826238594e-02
1.420478679869156824e-02
1.878479910245152429e-02
1.183652939878924483e-02
1.501448526823014051e-02
1.373983701025193946e-02
1.512864132365127588e-02
1.699430496427253162e-02
1.638475208881976647e-02
1.643892743820022512e-02
1.537410672606699148e-02
1.614206780709463718e-02
1.578007650269654116e-02
1.566618064498604204e-02
1.277008101665026707e-02
1.099314564716187895e-02
1.276721723983549953e-02
1.793877362886452109e-02
1.187717289803863485e-02
1.848343471475281247e-02
1.347998977112800645e-02
1.447735830231380860e-02
1.379938956832624936e-02
1.518318894343224576e-02
1.532891227525060712e-02
1.558155026510182027e-02
1.395661159896824724e-02
1.208392219136297796e-02
9.198144071651074075e-03
1.525370290738594335e-02
1.512178540270017399e-02
1.322607818094571550e-02
1.344809491793512099e-02
1.936009334085641090e-02
1.101524753943689677e-02
1.198084006744652361e-02
1.309965150601135296e-02
1.453539551805474450e-02
1.597439481207265852e-02
1.065216062137514137e-02
1.536331242123226484e-02
1.464118921974364405e-02
1.515027468949229315e-02
1.673217454909278062e-02
1.558715279233782204e-02
1.219871286203864404e-02
1.391102265040292975e-02
1.197125900921930733e-02
1.321998452883255473e-02
1.373762808300230467e-02
1.263485549687037683e-02
1.524188719204573259e-02
1.577585470417441210e-02
1.365143373533146513e-02
1.342370595649440036e-02
1.941154365272055107e-02
1.250839376486846677e-02
1.633649939849032492e-02
1.508914456744660931e-02
1.497603171337549138e-02
9.886321283623090289e-03
1.451500974676679136e-02
2.001122532955683722e-02
1.155843987914495323e-02
1.211546929807670245e-02
1.017531158006119985e-02
1.109085069969722483e-02
1.269300232912924306e-02
1.543926231817970007e-02
