1.423571576550597233e-02
1.257257277432594425e-02
1.201526910992760377e-02
1.008386349157821063e-02
1.594359536756439696e-02
1.466829671741887685e-02
1.300377498165334982e-02
1.465340614447168711e-02
1.624307111211144641e-02
1.556958303600989788e-02
1.292214980402497417e-02
1.730187875942637218e-02
1.550321589633465134e-02
1.310972382371018534e-02
1.158390560297843305e-02
1.195462220326832560e-02
1.071424292824112515e-02
1.299408670621476913e-02
1.470451785445523948e-02
1.810305337486567412e-02
1.694274042214835227e-02
1.060467580802168866e-02
1.308134525480299758e-02
1.817855612200102236e-02
1.545668925028618676e-02
1.468178027541756220e-02
1.296217688193312956e-02
1.200795805178702692e-02
1.251646229429649593e-02
1.582127636324924189e-02
1.359598290145360398e-02
1.281158962963183101e-02
1.285068359817381940e-02
1.734137780173428123e-02
1.340734061261101423e-02
1.584851076078609700e-02
1.417953556980233037e-02
1.683362818869107644e-02
1.428635784370152657e-02
1.494484207109497698e-02
1.230824088373792813e-02
1.226174455802968299e-02
1.376580866736004313e-02
1.627660744169865184e-02
1.308913333859154822e-02
1.329941251500191962e-02
1.666854777897349565e-02
1.368196019786861208e-02
1.282704260624617509e-02
1.508450841026237436e-02
1.511546638988277465e-02
1.455975326562636805e-02
1.688980792478749632e-02
1.374270399457397200e-02
1.486033529331728248e-02
1.076260216980068352e-02
1.510353620169622817e-02
1.683847759752787540e-02
1.511983599346297148e-02
1.691477306380080592e-02
1.200991491753421528e-02
1.676858392760775460e-02
1.357445118226475317e-02
1.277527855768798189e-02
1.502376557880887725e-02
1.883092528418513906e-02
1.331974634397273261e-02
1.375883629317572153e-02
1.221856887357488861e-02
1.631557559322949907e-02
