1.503764662086287847e-02
1.132401025653972243e-02
1.315967709204376307e-02
1.223115899562341770e-02
1.392773123491745230e-02
1.355647651457974820e-02
1.579363784837011647e-02
1.575496655210148825e-02
1.259638865577687727e-02
1.381161203658542655e-02
1.567662851940130470e-02
1.310821488388473621e-02
1.379126839526842278e-02
1.449116990935433655e-02
1.486922925833732666e-02
1.300937427630431339e-02
1.178719005630837237e-02
1.321175228918467816e-02
1.250260976064180782e-02
1.726925727203959884e-02
1.632091607558429011e-02
1.337383081173781213e-02
1.329326293597193030e-02
1.470997762324495473e-02
1.436255907241861494e-02
1.349316867618209452e-02
1.585267796120960054e-02
1.770250131100517890e-02
1.435771402211667887e-02
1.406559137368006140e-02
1.510022443924631183e-02
1.430933079709040615e-02
1.441004955093535406e-02
1.650510702747750094e-02
1.252701966882968816e-02
1.459513215093686221e-02
1.460471396660487087e-02
1.255016781147855719e-02
1.288523676349071119e-02
1.386998667489112297e-02
1.561703356738405879e-02
2.052604721882566458e-02
1.273400713399297501e-02
1.351971588820321049e-02
1.419600866976724989e-02
1.529333694692652963e-02
1.250539463591213152e-02
1.976362527420435708e-02
1.130353654752476976e-02
1.261028130266498085e-02
1.308854733461028638e-02
1.654358267770313431e-02
1.417779045419796831e-02
1.244166911806000517e-02
1.751386063818074004e-02
1.548432552744900478e-02
1.463630077581862601e-02
1.349781753608892375e-02
1.697903841839252734e-02
1.291113692731313961e-02
1.903938959018153937e-02
1.427732405498990075e-02
1.360461357023453992e-02
1.423010417101970050e-02
1.318669546378382559e-02
1.293994485619951069e-02
1.304656030017210290e-02
1.073258340694030130e-02
1.205288534847285056e-02
1.574767350252673226e-02
