1.662255803740653529e-02
1.219544227693177864e-02
1.330073052181106157e-02
1.026137457227924848e-02
1.568299130229763860e-02
1.093950845225006782e-02
1.242894021331922630e-02
1.770232828757430446e-02
1.556504043632205708e-02
1.288949331885444298e-02
1.098184515170817430e-02
1.655176525357011930e-02
1.518909365951855162e-02
1.080560702514650473e-02
1.405263244450876206e-02
1.303181498749868966e-02
1.191759227067629850e-02
1.559296449769203945e-02
1.512554847135760307e-02
1.568844431015800622e-02
1.325238386061869736e-02
1.221541768805163401e-02
1.560376490503493849e-02
1.224250534605946308e-02
1.524239283233166584e-02
1.398649017485900127e-02
1.264062009329107103e-02
1.454303802545103830e-02
1.202816182020090448e-02
1.465631103548919317e-02
2.098314782550607382e-02
1.420769541076339487e-02
1.557627726791243478e-02
1.280710529616916823e-02
1.660414602743447154e-02
1.275087713711137161e-02
1.525190759622639496e-02
1.617468729969816915e-02
1.508326943769724288e-02
1.467548960536580946e-02
1.212828957513029451e-02
1.149510133245948938e-02
1.631325587570913241e-02
1.505298428009163060e-02
1.508146104005928488e-02
1.232995708914639763e-02
1.460003927025947147e-02
1.287215646236826612e-02
1.370028897922105811e-02
1.038286358317807093e-02
1.299540509496380225e-02
1.243078843270430632e-02
1.349302186971849948e-02
1.126873588318567931e-02
1.757923491395470966e-02
1.615735389419369061e-02
1.441464217296116110e-02
1.712677879522415264e-02
1.498952402467961659e-02
1.484776993052036587e-02
1.459556005687245167e-02
1.334038732178974805e-02
1.416173957385955494e-02
1.483184133512908780e-02
1.721469054256704115e-02
1.659876808705559523e-02
1.653754371533521297e-02
1.563319987323603250e-02
1.475631150962414609e-02
1.601890130864862954e-02
