3.700000000000000000e+01
5.500000000000000000e+01
5.500000000000000000e+01
3.300000000000000000e+01
6.200000000000000000e+01
3.300000000000000000e+01
5.500000000000000000e+01
3.700000000000000000e+01
5.500000000000000000e+01
5.500000000000000000e+01
5.500000000000000000e+01
5.500000000000000000e+01
5.500000000000000000e+01
3.700000000000000000e+01
5.500000000000000000e+01
5.000000000000000000e+00
9.000000000000000000e+00
4.900000000000000000e+01
9.000000000000000000e+00
1.000000000000000000e+00
1.000000000000000000e+00
1.000000000000000000e+00
1.000000000000000000e+00
1.000000000000000000e+00
1.000000000000000000e+00
9.000000000000000000e+00
9.000000000000000000e+00
9.000000000000000000e+00
9.000000000000000000e+00
9.000000000000000000e+00
4.100000000000000000e+01
4.100000000000000000e+01
0.000000000000000000e+00
0.000000000000000000e+00
4.100000000000000000e+01
4.100000000000000000e+01
4.100000000000000000e+01
0.000000000000000000e+00
0.000000000000000000e+00
0.000000000000000000e+00
4.100000000000000000e+01
4.100000000000000000e+01
0.000000000000000000e+00
0.000000000000000000e+00
4.100000000000000000e+01
1.300000000000000000e+01
3.800000000000000000e+01
5.000000000000000000e+00
4.400000000000000000e+01
4.400000000000000000e+01
7.000000000000000000e+00
4.400000000000000000e+01
7.000000000000000000e+00
4.400000000000000000e+01
1.300000000000000000e+01
4.400000000000000000e+01
4.400000000000000000e+01
7.000000000000000000e+00
1.300000000000000000e+01
4.400000000000000000e+01
1.900000000000000000e+01
5.700000000000000000e+01
5.700000000000000000e+01
5.700000000000000000e+01
1.800000000000000000e+01
1.800000000000000000e+01
1.800000000000000000e+01
1.900000000000000000e+01
1.900000000000000000e+01
1.900000000000000000e+01
1.900000000000000000e+01
1.900000000000000000e+01
1.900000000000000000e+01
5.700000000000000000e+01
5.700000000000000000e+01
5.000000000000000000e+01
5.000000000000000000e+01
6.400000000000000000e+01
6.400000000000000000e+01
6.400000000000000000e+01
6.400000000000000000e+01
6.400000000000000000e+01
6.400000000000000000e+01
6.400000000000000000e+01
6.400000000000000000e+01
5.000000000000000000e+01
5.000000000000000000e+01
5.800000000000000000e+01
5.800000000000000000e+01
5.800000000000000000e+01
