1.289453953602276957e-02
1.518622785522310073e-02
1.253580288659387684e-02
1.358909582687571616e-02
1.330950296410636155e-02
1.683569405946094139e-02
1.458347732392846659e-02
1.591124836157937344e-02
1.376872641314229838e-02
2.055324373677196170e-02
1.521564787545150003e-02
1.265145633068575672e-02
1.526917059703806340e-02
1.454099117575633621e-02
1.505553400240969460e-02
1.904372078181269454e-02
1.478685288033441438e-02
1.578417466566717220e-02
1.591412605141488690e-02
1.754760425429049975e-02
1.382325689839614298e-02
1.088837785932919230e-02
1.205984099147719250e-02
1.348427037058146788e-02
1.260693054791979517e-02
1.169370122504411781e-02
1.346618751501590418e-02
1.796512651478870612e-02
1.483689472997335931e-02
1.468353819261323731e-02
1.464370156264354662e-02
1.682549910065214357e-02
9.965365577236696276e-03
1.395000813869769034e-02
1.105550748084698637e-02
1.196117141431999285e-02
1.484276042293967285e-02
1.462535999965017437e-02
1.677251270783940151e-02
1.249703813726513700e-02
1.205498107536673476e-02
1.688047427817441701e-02
1.414218003133857135e-02
1.161866092234670363e-02
1.526723420567343593e-02
1.255284005999442697e-02
1.130625994476916474e-02
1.381637575368555200e-02
1.459345414967714617e-02
1.369043052428935321e-02
1.724479918506513845e-02
1.104240548174513677e-02
1.467577107626837074e-02
1.484450219824294710e-02
1.276293058230359816e-02
1.617532304108043259e-02
1.479414599287271447e-02
1.298033379522009478e-02
1.398647705857379228e-02
1.365329057772430785e-02
1.440246580017132128e-02
1.201615152290896882e-02
1.342596787983665191e-02
1.155707124612451175e-02
1.912323286141845782e-02
1.573190258126390753e-02
1.330346358325281732e-02
1.458093947032122403e-02
1.440167418761678642e-02
1.575037396687665320e-02
