1.796516436908613887e-02
1.124837553533102399e-02
1.598368251683545890e-02
1.285379582550792710e-02
1.544853197211571404e-02
1.593842550038380296e-02
1.270861884247723693e-02
1.584282875194244211e-02
1.497325125662749695e-02
1.630807616615738767e-02
1.774516292434055384e-02
1.237296387876023716e-02
1.643417779961483388e-02
1.105808923774600702e-02
1.257984625298702239e-02
1.252120076983705664e-02
1.344910199214985336e-02
1.335003601296956208e-02
1.478684426410553816e-02
1.559135142452584659e-02
1.321632639812617832e-02
1.599365896093319500e-02
1.656389018724352055e-02
1.221042273964511628e-02
1.604996423884191836e-02
1.283947392063476516e-02
1.537424841119509368e-02
1.262365897682264128e-02
1.184688179056950577e-02
1.077670069658637902e-02
1.733635795525794929e-02
1.199443204085176920e-02
1.645030465834865924e-02
1.426516852207844466e-02
1.871445365632879929e-02
1.383598484799628860e-02
1.740863194592959934e-02
1.482079539666371869e-02
1.572038520251845331e-02
1.308131048955821045e-02
1.487319569925251925e-02
1.312532833776902663e-02
1.449419996080763065e-02
1.494208015930936599e-02
1.450740425596939477e-02
1.534797730620023060e-02
1.428764997465533683e-02
1.603627328301172536e-02
1.342911731498830884e-02
1.441917642190126796e-02
1.169414896083833914e-02
1.549353178386685646e-02
1.371087654973692990e-02
1.327804091667069905e-02
1.316284682802205258e-02
1.642371703609751474e-02
1.523128767367408834e-02
1.030666236132727308e-02
1.278062788793921621e-02
1.317952182309372298e-02
1.476092933145154579e-02
1.393337733531321322e-02
1.478439996995392636e-02
1.579957079466290382e-02
1.299179525674744318e-02
1.211269292683875808e-02
1.263341240953464936e-02
1.194992048989313056e-02
1.412508223739531582e-02
1.590257838344617466e-02
