1.903244928583515405e-02
1.628820200650649141e-02
1.564059530687698929e-02
1.405678946254025966e-02
1.155830113944102469e-02
1.002720000480566281e-02
1.977384204932248687e-02
1.716371095654686818e-02
1.514092780376419083e-02
1.645921085079923157e-02
1.303189972594533293e-02
1.101819526294624263e-02
1.108140090827343556e-02
1.437022964773022014e-02
1.518856529846945164e-02
1.000107569428041951e-02
1.223417220765302821e-02
1.253583944650456423e-02
1.277582870820331666e-02
1.001738444845381472e-02
1.462899658905056008e-02
1.729388065455338477e-02
1.211912203196676384e-02
1.087198491883502489e-02
1.102348466803219906e-02
1.446609193838112838e-02
1.196584061593445290e-02
1.362866235125475937e-02
1.158959675712408627e-02
1.565858544411176043e-02
1.613263799904660414e-02
1.086220844669776205e-02
1.736644271616038723e-02
1.498808045592306924e-02
1.225053907465028027e-02
1.497645074903054645e-02
1.321300047934266531e-02
1.452483047143988265e-02
1.199243342952886933e-02
2.083867022099399405e-02
1.393537652059345655e-02
1.474325340595968731e-02
1.773689364014281386e-02
1.251355514532793978e-02
1.990602845963233142e-02
1.575453147620642369e-02
1.308772052734706939e-02
1.756239256833050030e-02
1.429548680286113829e-02
1.117168086169291821e-02
1.305937365541100410e-02
1.548707082049686004e-02
1.560018253290253697e-02
1.261768441276780832e-02
1.446624898303082787e-02
1.432092483013548169e-02
1.588016744311990247e-02
1.802005613182856500e-02
1.613361396032854042e-02
1.409776732870008167e-02
1.004837128820311627e-02
1.119210795347580500e-02
1.387575190455164927e-02
1.575440491447285471e-02
1.344357304380396426e-02
1.286517469973100063e-02
1.642503569397309182e-02
1.837978257801099746e-02
1.733247777801349629e-02
1.250595041199149653e-02
