1.491805064919472790e-02
1.707490723157504761e-02
1.419256400849360118e-02
1.483785741602937532e-02
1.180403991065367628e-02
1.384764716760619914e-02
1.231284020438627551e-02
1.415219836506770301e-02
1.120568825318592199e-02
1.304113715103536603e-02
1.072364062301702989e-02
1.101721755825271418e-02
1.469102254165413970e-02
1.340271317166056610e-02
1.499498704256633196e-02
1.415653521932715847e-02
1.368186673413150124e-02
1.256043652326438789e-02
1.377390595580000113e-02
1.829072927288073747e-02
1.911923283430871923e-02
1.324945406745248015e-02
1.503009300423518296e-02
1.509677977525383276e-02
1.194750515317910024e-02
1.217940666605538645e-02
1.240111625708625182e-02
1.905557409874852892e-02
1.536129890780674710e-02
1.588017119446752390e-02
1.210998714956455086e-02
1.295454927651205380e-02
1.468988460593204960e-02
1.563112844395343065e-02
1.377570303017019472e-02
1.254214302698156841e-02
1.679939669421468343e-02
1.408289231474230477e-02
1.436487980972457959e-02
1.232635478194547829e-02
1.905915595138592267e-02
2.105738423464997844e-02
1.402191276284950501e-02
1.180249493039838352e-02
1.431363843329188507e-02
1.598062296470666513e-02
1.049795123520740232e-02
1.703364290209626042e-02
1.380987792275994823e-02
1.270404589016944398e-02
1.451718244608433961e-02
1.359849419558139920e-02
1.578776973373823347e-02
1.372817504510399043e-02
1.415849583100101290e-02
1.227899108119800964e-02
1.297659125581627354e-02
1.560096608224834439e-02
1.491425700085564736e-02
1.391002364450838816e-02
1.377991572702735347e-02
1.674433320030818684e-02
1.476639896864773496e-02
1.897508751835691454e-02
1.003012551701692665e-02
1.404026716821656605e-02
1.425104464051917159e-02
1.659103425668081305e-02
1.267971343764217294e-02
1.311286992981563343e-02
