1.201266543238042536e-02
1.248442394875987245e-02
1.268662242199173305e-02
1.713592609017470375e-02
1.395802502920617805e-02
1.248186584282724894e-02
1.275868084849703619e-02
9.967110820635800145e-03
1.254443554079574981e-02
1.294657709811015966e-02
1.482692588931987070e-02
1.440584713792963933e-02
1.276864660321152742e-02
1.439104065234623683e-02
1.870028122394407771e-02
1.470758816274138868e-02
1.477150236344760593e-02
1.468638855987086309e-02
1.221066908203508571e-02
1.353622455138848817e-02
1.145859354650840926e-02
1.311333420409586600e-02
1.337879562758823894e-02
1.487371057402055857e-02
1.576881181965284970e-02
1.154449836751605257e-02
1.157335289989774516e-02
1.515699729265012133e-02
1.643696733732101858e-02
1.576510241962831085e-02
1.324837746107323556e-02
1.510194495618161561e-02
1.497098498696741373e-02
1.060298335563139918e-02
1.594840519431263079e-02
1.551520055677803843e-02
1.409110631644538633e-02
1.430294092284269472e-02
1.413247873725051625e-02
1.624188409181061971e-02
1.337194213123902437e-02
1.318629852067643680e-02
1.655784481447791778e-02
1.467320010706073437e-02
1.736704374267844173e-02
1.308253798146063844e-02
1.182981311570872364e-02
1.882039612642644882e-02
1.205587784857437179e-02
1.569337242567550583e-02
1.176882429293986745e-02
1.524183390066818911e-02
1.347053517310303414e-02
1.821939657271929788e-02
1.409120175504355137e-02
1.050222410095600321e-02
2.096519875225846472e-02
1.112623591666106991e-02
1.565557216247347866e-02
2.226991848921507783e-02
1.410780326554391881e-02
1.178655998336363905e-02
1.221971538802446057e-02
1.720617465175851984e-02
1.313058764840243677e-02
1.584566054050126627e-02
1.817054330715744612e-02
1.240813297463436854e-02
1.334247270601276146e-02
1.462516363679851848e-02
