1.644629922216243184e-02
1.386432517310774541e-02
1.659819044384985495e-02
1.271378561084877783e-02
1.027896417451563613e-02
1.456938389009414941e-02
1.624257752659094209e-02
1.258318343607635857e-02
1.561541989194475087e-02
1.560848335965751496e-02
1.666980125405714830e-02
1.390622213991220268e-02
1.208483508808711956e-02
1.708472271196684669e-02
1.389253776717339073e-02
1.290723390599215169e-02
1.549691473689972405e-02
1.743393688149434684e-02
1.158647248136555376e-02
1.679123840019635869e-02
1.366432067899513159e-02
1.301120687389634156e-02
2.119652036993003100e-02
1.262672455892034466e-02
9.176411919619518326e-03
1.289359284421232911e-02
1.328661782166521733e-02
1.142500946363746855e-02
1.498682760741132207e-02
1.333115981981609216e-02
1.553113080046321197e-02
1.125833788447703696e-02
1.950728496088332750e-02
1.561056045715580008e-02
1.633468981884038732e-02
1.707241329382567022e-02
1.553480645653201528e-02
1.359199029590296530e-02
1.733414629731543088e-02
1.175074623820038765e-02
1.010857997761619408e-02
1.038054322028927716e-02
1.949185228584077861e-02
1.370013875495862572e-02
1.606970540035028774e-02
1.271520193740410289e-02
1.187136840654725439e-02
1.324846523001439735e-02
1.510515889300439833e-02
1.585164247852560368e-02
1.262822886824205466e-02
9.134546011510306929e-03
1.442186849473396822e-02
1.479330786679773635e-02
1.554815615665946192e-02
1.534387433214820344e-02
1.247992488426015803e-02
1.448529590953968535e-02
1.710258228481025683e-02
1.314511149866753881e-02
1.573130670702749256e-02
1.448486669738751481e-02
1.596166239398837117e-02
1.510334752410721730e-02
1.296028592526758672e-02
1.607303394834127402e-02
1.366366694533992406e-02
1.208880382176600460e-02
1.106172661040154964e-02
1.374671997675980424e-02
