3.200000000000000000e+01
3.200000000000000000e+01
3.200000000000000000e+01
3.200000000000000000e+01
3.200000000000000000e+01
2.400000000000000000e+01
5.000000000000000000e+01
2.400000000000000000e+01
2.400000000000000000e+01
2.400000000000000000e+01
4.000000000000000000e+00
4.000000000000000000e+00
4.000000000000000000e+00
4.000000000000000000e+00
3.600000000000000000e+01
4.900000000000000000e+01
4.900000000000000000e+01
4.900000000000000000e+01
4.900000000000000000e+01
4.900000000000000000e+01
4.400000000000000000e+01
2.300000000000000000e+01
2.300000000000000000e+01
4.400000000000000000e+01
3.300000000000000000e+01
4.400000000000000000e+01
4.400000000000000000e+01
2.300000000000000000e+01
2.300000000000000000e+01
4.400000000000000000e+01
3.300000000000000000e+01
2.300000000000000000e+01
2.300000000000000000e+01
2.300000000000000000e+01
2.300000000000000000e+01
5.600000000000000000e+01
5.600000000000000000e+01
5.600000000000000000e+01
5.600000000000000000e+01
5.600000000000000000e+01
3.200000000000000000e+01
3.200000000000000000e+01
3.200000000000000000e+01
3.200000000000000000e+01
3.200000000000000000e+01
3.200000000000000000e+01
3.200000000000000000e+01
3.200000000000000000e+01
3.200000000000000000e+01
3.200000000000000000e+01
3.200000000000000000e+01
3.200000000000000000e+01
3.200000000000000000e+01
3.200000000000000000e+01
3.200000000000000000e+01
2.400000000000000000e+01
2.400000000000000000e+01
2.400000000000000000e+01
5.000000000000000000e+01
5.000000000000000000e+01
5.000000000000000000e+01
5.000000000000000000e+01
5.000000000000000000e+01
2.400000000000000000e+01
2.400000000000000000e+01
2.400000000000000000e+01
2.400000000000000000e+01
2.400000000000000000e+01
2.400000000000000000e+01
2.400000000000000000e+01
6.200000000000000000e+01
2.500000000000000000e+01
4.000000000000000000e+00
6.600000000000000000e+01
4.000000000000000000e+00
4.000000000000000000e+00
4.000000000000000000e+00
3.600000000000000000e+01
3.600000000000000000e+01
4.000000000000000000e+00
3.600000000000000000e+01
4.000000000000000000e+00
4.000000000000000000e+00
4.000000000000000000e+00
4.000000000000000000e+00
5.600000000000000000e+01
4.900000000000000000e+01
4.900000000000000000e+01
4.900000000000000000e+01
4.900000000000000000e+01
4.900000000000000000e+01
4.900000000000000000e+01
4.900000000000000000e+01
4.900000000000000000e+01
4.900000000000000000e+01
4.900000000000000000e+01
4.900000000000000000e+01
4.900000000000000000e+01
4.900000000000000000e+01
4.900000000000000000e+01
4.400000000000000000e+01
4.400000000000000000e+01
4.400000000000000000e+01
2.300000000000000000e+01
2.300000000000000000e+01
2.300000000000000000e+01
4.400000000000000000e+01
4.400000000000000000e+01
4.400000000000000000e+01
4.400000000000000000e+01
4.400000000000000000e+01
2.300000000000000000e+01
4.400000000000000000e+01
2.400000000000000000e+01
4.400000000000000000e+01
2.300000000000000000e+01
2.300000000000000000e+01
2.300000000000000000e+01
2.300000000000000000e+01
2.300000000000000000e+01
2.300000000000000000e+01
2.300000000000000000e+01
2.300000000000000000e+01
2.300000000000000000e+01
2.300000000000000000e+01
2.300000000000000000e+01
4.400000000000000000e+01
2.300000000000000000e+01
2.300000000000000000e+01
2.300000000000000000e+01
2.300000000000000000e+01
2.300000000000000000e+01
2.300000000000000000e+01
2.300000000000000000e+01
2.300000000000000000e+01
2.300000000000000000e+01
2.300000000000000000e+01
2.300000000000000000e+01
3.300000000000000000e+01
3.300000000000000000e+01
2.300000000000000000e+01
2.300000000000000000e+01
2.300000000000000000e+01
2.300000000000000000e+01
3.300000000000000000e+01
5.600000000000000000e+01
5.600000000000000000e+01
5.600000000000000000e+01
5.600000000000000000e+01
5.600000000000000000e+01
5.600000000000000000e+01
5.600000000000000000e+01
5.600000000000000000e+01
5.600000000000000000e+01
5.600000000000000000e+01
5.600000000000000000e+01
5.600000000000000000e+01
5.600000000000000000e+01
5.600000000000000000e+01
5.600000000000000000e+01
