1.371679986577398896e-02
1.184638196454728190e-02
1.567003213248261556e-02
1.110008422914456408e-02
1.640386211606389283e-02
1.478881632159992528e-02
1.812285947120143709e-02
1.294927033029847144e-02
1.779723994226880754e-02
1.681076200069650875e-02
1.130686407164019879e-02
1.306648802271206077e-02
1.768377272580183915e-02
1.640615498084093196e-02
1.441882793700126515e-02
1.347750270914406349e-02
1.127424188345254284e-02
1.361050002548248178e-02
1.075583696261315537e-02
1.255461882311396937e-02
1.322822205341768823e-02
1.007455218613716175e-02
1.662798281012523721e-02
2.289160636156425260e-02
1.600876067500676958e-02
1.217220054974766687e-02
1.323206236786723423e-02
1.562027824464159997e-02
1.359867005364458377e-02
1.247383189272309456e-02
1.440415020086349349e-02
1.421759962735871276e-02
1.879890559889383153e-02
1.869783236141818808e-02
1.262845015383738667e-02
1.150730154327974340e-02
1.210401261679012325e-02
1.040140837747808092e-02
1.079658175213487128e-02
1.282169360745867570e-02
1.174115047604164415e-02
1.383638994815111767e-02
1.446771849880882158e-02
1.470001284007720066e-02
1.917827929447204691e-02
1.306694483466763063e-02
1.205640999741143526e-02
1.388822326972972108e-02
1.265327021024120410e-02
1.793483278010475288e-02
1.702807451126335872e-02
1.416252889250795878e-02
1.271988692738029898e-02
1.145195100430726823e-02
1.483391168074905085e-02
1.349392576582631245e-02
1.978391925097965076e-02
1.723094325816534877e-02
1.554091585766836925e-02
1.578593867839462803e-02
1.124834400499880559e-02
1.507857089356458118e-02
1.517061223317702628e-02
1.187602420221857240e-02
1.468896102658278670e-02
1.279104483702767081e-02
1.982543143047743942e-02
1.304197964366921036e-02
1.099433137884716846e-02
1.366245282222057662e-02
