1.468389181159650107e-02
1.496491639194887785e-02
1.363438961137672205e-02
1.002195465040842635e-02
1.646146273376603020e-02
1.558004709743907035e-02
1.442264997790073874e-02
1.021302804648908415e-02
1.537776478652536083e-02
1.549546200103387589e-02
1.551524815928890036e-02
1.463300581022453951e-02
1.505822648197498344e-02
1.526659719048235712e-02
1.349193800651154150e-02
1.241553125071014237e-02
1.344896363042092334e-02
1.348300322155200973e-02
1.472689575563146218e-02
1.261119722949771878e-02
1.048053887891425492e-02
1.553505560604711427e-02
1.779011696442238735e-02
1.725214324825721443e-02
1.412295576268238553e-02
1.453463678126915883e-02
1.632536974277909447e-02
1.259283189435746186e-02
1.616060449639726213e-02
1.827541182600426681e-02
1.863821958986390179e-02
1.526906693530503088e-02
1.533823399207786403e-02
1.494933832456296283e-02
1.246719186261602275e-02
1.220659067363217068e-02
1.241370260322480559e-02
1.528179571795444495e-02
1.481426428779580168e-02
1.220795592624111282e-02
1.449181797796115188e-02
1.251903066360190823e-02
1.834478570622132335e-02
1.370530226870528973e-02
1.211625748863882912e-02
1.291564406450338397e-02
1.339894931394037744e-02
1.578051442295523923e-02
1.473062943657776208e-02
1.166502060453690308e-02
1.843932630070886994e-02
1.471691371578600499e-02
1.474838812392352712e-02
1.429636294124299149e-02
1.717767916415221391e-02
1.472343472736842122e-02
1.077415468931309031e-02
1.174825286942606309e-02
1.255956230559180167e-02
1.437257292668516796e-02
1.544654273731069227e-02
1.243496255773618962e-02
1.517134449132471335e-02
1.485201898914232342e-02
1.263701616450976090e-02
1.127122833146116526e-02
1.469766701244243703e-02
1.266791256115074905e-02
1.160324948381840499e-02
1.783125900007905343e-02
