2.409696578962318772e-02
1.394644558589564799e-02
2.445103329994642583e-02
2.270410017492465252e-02
1.256327148510653392e-02
9.393479469821339536e-03
1.535312182560848865e-02
2.706862395056656295e-02
1.520307180952045097e-02
1.933801312556186758e-02
2.055980399080323262e-02
1.997834429352230226e-02
2.382303130301293564e-02
1.157456120446688323e-02
1.934619460054155804e-02
1.682539701527517237e-02
2.168291059079378164e-02
2.728251161262312471e-02
1.775930890047604238e-02
3.211775102938042165e-02
2.006978648962723724e-02
2.726244734597249586e-02
1.455610254128352800e-02
1.009528827326876960e-02
2.713661071331687630e-02
2.064338732259065126e-02
1.816138901754622489e-02
2.028717629511434320e-02
1.782713237454105690e-02
1.795346815272254662e-02
2.065167055553188830e-02
1.766444224496175816e-02
2.245337750762268700e-02
1.060474861807194843e-02
2.910623107514567418e-02
1.682932492466947261e-02
2.799944519929722583e-02
1.377196776378163644e-02
9.578411229493839080e-03
3.279528631042077230e-02
2.120524523571640230e-02
1.973273293786480601e-02
2.654600432617226433e-02
7.787054852078470132e-03
1.842985867602866396e-02
1.353649781636535009e-02
2.283325900921268775e-02
2.427573193854378267e-02
2.583568352748695507e-02
2.930229666807934036e-02
