1.345056482181388423e-02
1.235084624064101966e-02
1.302985033401131941e-02
1.244951209311195156e-02
1.642261661156588226e-02
1.186410424548485845e-02
1.425977205384941493e-02
1.209474197000513090e-02
1.516478324656438288e-02
1.584127641330453778e-02
1.290217477525812048e-02
1.530496136454969312e-02
1.724345684514912852e-02
1.284209421693175562e-02
1.373172984557322063e-02
1.387738420005996814e-02
1.208624605670997713e-02
1.577505875348288178e-02
1.771076437991796551e-02
1.912007683277117120e-02
1.298630916984245057e-02
1.186911312843017159e-02
1.689872970406029046e-02
1.485476309191816578e-02
1.602638967647199153e-02
1.372636074530067356e-02
9.977600203737920295e-03
1.124844595717730891e-02
1.863921748810233245e-02
1.135232764817305923e-02
1.226298877389362350e-02
1.136543018064349250e-02
1.726099146054859215e-02
1.513633579416231306e-02
1.398295384852825569e-02
1.609182025277890518e-02
1.138942223303819612e-02
1.262272571067317613e-02
1.310768458117225060e-02
1.567465256549581756e-02
1.821073359781167494e-02
1.363410456781089485e-02
1.496090607775954831e-02
1.726944615086307630e-02
1.699252989180737722e-02
1.515383426623377085e-02
1.200395750940182367e-02
1.370096260017515319e-02
1.311468958994006957e-02
1.403322591250001292e-02
1.451291083364244019e-02
1.479168090028945733e-02
1.462945000760496224e-02
1.327948487113696750e-02
1.511249309437217615e-02
1.437856673985274392e-02
1.326359516662293202e-02
1.285511807302601971e-02
1.308490230526871724e-02
1.617344542883752956e-02
1.491884478978882690e-02
1.251061516582504043e-02
1.390007941972437600e-02
1.490852162657415464e-02
1.537351115336991342e-02
1.224983810535322862e-02
1.807724943980393295e-02
1.371258567021193392e-02
1.279525367895763960e-02
1.640118585052852476e-02
