1.443621385169801055e-02
1.639307793694617585e-02
1.512744678872341049e-02
1.405074467094161519e-02
1.222744514354684627e-02
1.639049330542917404e-02
1.292232487069854170e-02
1.471132802419560306e-02
1.506640757727318279e-02
1.437738550550721195e-02
1.747014782572595473e-02
1.431060464942040915e-02
1.227903558596973518e-02
1.333450852591184198e-02
1.346892525703125530e-02
1.164725431960840669e-02
1.461956556275072726e-02
1.252883064641594976e-02
1.155822046624527255e-02
1.452375004718376231e-02
1.758499738744193769e-02
1.516781707200495766e-02
1.318340994966159772e-02
1.538267277849875853e-02
1.000604755381743864e-02
1.169937103317947834e-02
1.300851222779957246e-02
1.388574113690364473e-02
1.171993442109428400e-02
9.855386425189287258e-03
1.615144097662758738e-02
1.260399066745933848e-02
1.363210830558807263e-02
1.517969482552332383e-02
1.452786949587657993e-02
1.328127346813493675e-02
1.282825345393495860e-02
1.796748949858134950e-02
1.612985939568949839e-02
1.532953043745263061e-02
1.232334582527925756e-02
1.460727993417719472e-02
1.455284027439563213e-02
1.358896659583785395e-02
1.420898360005374943e-02
1.253006875138209381e-02
1.466596903567991828e-02
1.346387024443545209e-02
1.954181117347152455e-02
1.148701785641047593e-02
1.743484042294241379e-02
1.314775080844421407e-02
1.303238602487142087e-02
1.421840125732792490e-02
1.567009664750481160e-02
1.464414365341093135e-02
1.287311149275400558e-02
1.400495570412629842e-02
1.673762963381136490e-02
1.512122887025899726e-02
1.363125305161774076e-02
1.566040181398465139e-02
1.600432737921447801e-02
1.629873801453822144e-02
1.766736365788763516e-02
1.537931071686162061e-02
1.536583090941989575e-02
1.320265507267637251e-02
1.575971307210747435e-02
1.260659743343395083e-02
