1.248612994679668652e-02
1.688598973778122209e-02
1.980368770637642301e-02
1.614510304129647064e-02
1.498970751034877508e-02
1.235595733411178933e-02
1.629847797589753164e-02
1.312312339583847180e-02
1.366411607131083963e-02
1.093258185898016328e-02
1.460401116995022931e-02
1.234441403908470396e-02
1.915369991338739322e-02
1.345201638971830170e-02
1.287333227781502741e-02
1.378155352394759732e-02
1.351675096968791255e-02
1.019130310108350493e-02
1.367202509587688020e-02
1.341066194886105303e-02
1.154185505225920234e-02
1.633539923835496468e-02
1.516672494396201221e-02
1.293656442080283638e-02
1.850525835474612149e-02
1.614899950417900479e-02
1.354705394492572781e-02
1.558168761213598631e-02
1.520282936521324957e-02
1.323114688440178537e-02
1.403250500572238331e-02
1.597312611951742095e-02
1.415216651190459411e-02
1.324382533520835313e-02
1.092766908967167730e-02
1.684714480395479302e-02
1.358446642186433503e-02
1.645395347788351087e-02
1.908031495921284557e-02
1.348042521653614566e-02
1.277113565005024917e-02
1.423298560811253090e-02
1.408803935118593288e-02
1.435503600681578909e-02
1.461634964863950739e-02
1.549746502885336955e-02
1.298613793144395671e-02
1.787119038550837730e-02
1.437093088784414247e-02
1.496160258585274225e-02
1.375798458562214888e-02
1.492578747148849694e-02
1.275404215290546275e-02
1.329318662313430655e-02
1.081677494535249195e-02
1.569646067681175830e-02
1.332918924247196782e-02
1.259996833741713201e-02
1.197501874689817919e-02
1.433232532661523131e-02
1.474764860571533241e-02
1.208216439547144319e-02
1.176946886286085216e-02
1.558674847483396304e-02
1.631409429616497569e-02
1.509882865963861273e-02
1.460739416003641218e-02
1.356828623675748226e-02
1.512326019046092776e-02
1.221273565442792391e-02
