1.727440070532834313e-02
2.025012700211538397e-02
1.974024824775373610e-02
7.080705048179268372e-03
1.599073652963105621e-02
7.383446486945102402e-03
7.513925324245243793e-03
1.836898524981046138e-02
1.865502498562840103e-02
2.054907366827208107e-02
1.341786942275014979e-02
1.047173063106540333e-02
1.443409193037763563e-02
1.522014695097335252e-02
1.649859948970214263e-02
8.647187571481531124e-03
1.391217978292483455e-02
1.980271511521346575e-02
9.524816175600898591e-03
1.356384743216848196e-02
1.289074906378743016e-02
1.015783708934281902e-02
9.140408942115410898e-03
2.175295250255866383e-02
8.204559792071760768e-03
1.577743837953568193e-02
1.132649738930780262e-02
1.621033219361175601e-02
1.799879254112326729e-02
9.030474084534650253e-03
2.252224819776528150e-02
2.103393691890394906e-02
9.355635117565418504e-03
1.273645731218213221e-02
1.194313182062122815e-02
1.497256170593935960e-02
9.516506477158119537e-03
1.229248633525877737e-02
9.104324186039588693e-03
6.323124340033917969e-03
3.022629019936175915e-02
1.029996612179860660e-02
1.587611207076814260e-02
1.310073096617087735e-02
1.697515465739543594e-02
1.311120445845892664e-02
1.400040239217269049e-02
1.192289322053326911e-02
8.706805425098204654e-03
1.886012195061315469e-02
1.485862623753357592e-02
1.842693387426592305e-02
1.091554245606599777e-02
1.253289114137690063e-02
7.029630791321013310e-03
9.750006732034025708e-03
1.879459045707632461e-02
1.682844149400947523e-02
1.588055647634659118e-02
1.148564796060809814e-02
1.713534024314640469e-02
1.784592877594746649e-02
1.956844530939335150e-02
1.880020385247481440e-02
1.124162170902861559e-02
1.647734490590400946e-02
1.823746366362712784e-02
1.114800025528693735e-02
1.278572457227832720e-02
1.658706549027999175e-02
