1.176018832731859538e-02
1.713508237169989595e-02
1.383487416680915898e-02
1.297534267398446801e-02
1.412188868010054096e-02
1.188323700079140822e-02
1.333176302805270594e-02
1.264367951215789564e-02
1.393565356576971156e-02
1.329468376814619754e-02
1.335575628425401430e-02
1.363285944351422946e-02
1.613567381643909310e-02
1.610414395033801446e-02
1.648285474857782290e-02
1.865620140871808788e-02
1.395704014045275401e-02
1.549893276727073131e-02
1.541575687770659585e-02
1.347139529235518926e-02
1.570627215639087623e-02
1.171749479278102850e-02
1.592698136217285398e-02
1.466370983535345354e-02
1.573591485245639382e-02
1.910992594093088165e-02
1.728003770485446108e-02
1.264037265680080686e-02
1.344132082344457781e-02
1.616466847357668490e-02
1.814322285262138373e-02
9.315486175366760602e-03
1.265828787084994668e-02
1.199832475629797161e-02
1.363732680641078533e-02
1.442036466000868114e-02
1.359799622459847632e-02
1.672863168668676029e-02
1.603376589870842209e-02
1.766008716775947091e-02
1.758069779292643561e-02
1.328866706031279696e-02
1.534690591766938415e-02
1.562571100507378907e-02
1.695357396242436199e-02
1.195615953626358828e-02
1.307412364775607273e-02
2.033074883111549158e-02
1.653423548105973154e-02
1.260053952191572679e-02
1.192993620220397961e-02
1.248372300092709559e-02
1.300920997920481346e-02
1.572843171502765619e-02
1.672109854361616965e-02
1.382166175064187229e-02
1.711244256275826561e-02
1.010219251107141725e-02
1.306496939633017794e-02
1.143674340039605754e-02
1.052387396406534795e-02
9.464681930340846858e-03
1.570254599837964463e-02
1.162828979651710573e-02
1.177785609125923602e-02
1.276587386731592617e-02
1.494873137058471725e-02
1.084582899200370494e-02
1.557664512657247306e-02
1.385670052173839338e-02
