1.618967053828116592e-02
1.482105203481213877e-02
1.393525673507046633e-02
1.371241652145587832e-02
1.598853465803316137e-02
1.216113930792459517e-02
1.772163743520551241e-02
1.333442442678324166e-02
1.191507604170862974e-02
1.333715506928789298e-02
1.484520039347114913e-02
1.619034548562286319e-02
1.129697353658389025e-02
1.480382022870987968e-02
1.525575605337208158e-02
1.302447209016164946e-02
1.741626507862825690e-02
1.624898044130424629e-02
1.223809502384197445e-02
1.322807726384783375e-02
1.165700152058823241e-02
1.243521613222670595e-02
1.920542527165364916e-02
1.335539070649350603e-02
1.248898718552811198e-02
1.384201727821563095e-02
1.331573103201469724e-02
1.326006406892845518e-02
1.035021252233253586e-02
1.145867665214537513e-02
1.299933630174672332e-02
1.504838273135509878e-02
1.660446421474750731e-02
1.335549096361732940e-02
1.323996095642765956e-02
1.434217425967980290e-02
1.503959309584607280e-02
1.324051637657474960e-02
2.007556416498500543e-02
1.498666244072712796e-02
1.188155074573346744e-02
1.599617953049396399e-02
1.283074729519207563e-02
1.298860683124771105e-02
1.676009245777923540e-02
1.752726090020147870e-02
1.359563539058456644e-02
1.342076453477672286e-02
1.295884652784042197e-02
1.063297355515964264e-02
1.525227144155422848e-02
1.522463424192658198e-02
1.149825850242549956e-02
1.729381533051859571e-02
1.189202194975991049e-02
1.253434969380651069e-02
1.832569367226917836e-02
1.278397364922089982e-02
1.347455042896646832e-02
1.377348744142979815e-02
1.536427478233273053e-02
1.373248447498428074e-02
1.704022124396990800e-02
2.034931754712293248e-02
1.482472920770358527e-02
1.403857430426252995e-02
1.301554328495324771e-02
1.768955452682435467e-02
1.030881680379370363e-02
1.502555346322545678e-02
