1.277831711916777024e-02
1.382873624047721572e-02
1.253585032116809848e-02
1.948667956344478369e-02
1.674982301693902012e-02
1.493299027110718026e-02
1.347271098134853601e-02
1.465392599108369075e-02
1.476654590998454503e-02
1.513624276877227788e-02
1.678860141559834762e-02
1.203779633697424530e-02
1.325235350138700627e-02
1.376795249092223512e-02
1.417753602853120444e-02
1.289075304118687121e-02
1.368976676844583379e-02
1.316036799138562557e-02
1.216487233194999545e-02
1.509179033127990878e-02
1.406942702372206318e-02
1.295531530111572981e-02
1.578469668514229096e-02
1.332415201792548978e-02
1.547676830635830517e-02
1.474675703552798083e-02
1.163727804889496537e-02
1.397059461142832922e-02
1.459348245345823414e-02
1.171758015366736530e-02
1.431045775259036021e-02
1.563741225888604786e-02
1.654121666737513527e-02
1.565445471899243324e-02
1.342451270192985754e-02
1.443019355886990956e-02
1.616209322915504801e-02
1.701367339568282330e-02
1.066484846802261480e-02
1.531853700390097342e-02
1.421521472937581181e-02
1.322899657232813608e-02
1.355767558371621592e-02
1.302089048951472934e-02
1.174839710564519295e-02
1.209115898752041209e-02
1.172224332515073644e-02
1.167462136327162767e-02
1.352059255361679445e-02
1.248792135596899465e-02
1.517171344160608316e-02
1.419809710912041216e-02
1.474514611958931305e-02
1.802872757283790692e-02
1.804250187926559335e-02
1.979495027427424433e-02
1.562001270556148680e-02
1.420685020341306594e-02
1.267492626228302471e-02
1.427220409762274683e-02
1.169698149840788653e-02
1.752256297788768943e-02
1.396725488420791708e-02
1.627162293141817817e-02
1.377067991194991757e-02
1.117134906827217146e-02
1.588978718653100836e-02
1.353771485711775628e-02
1.479676905085872650e-02
1.455537208786542892e-02
