1.317473659166357516e-02
1.514547891344605185e-02
1.334016203740211355e-02
1.228233863227793168e-02
1.540981152890417115e-02
1.091492312130180713e-02
1.697547250950156780e-02
1.190245000005801281e-02
1.473211163411248387e-02
1.345519660032780569e-02
1.628305866082305209e-02
1.465691298409696301e-02
1.116310229729465531e-02
1.168915340279527530e-02
1.246353213686245132e-02
1.569523344432422612e-02
1.491687631797287625e-02
1.364584323566194954e-02
1.528989801925047069e-02
1.080509861827433880e-02
1.306734648125535900e-02
1.856007558029081073e-02
1.994992331578818862e-02
1.686567873923672939e-02
1.511166168588187059e-02
1.097339846075499198e-02
1.088304693682725331e-02
1.356033845552699797e-02
2.002385715287990225e-02
1.523387442397718117e-02
1.505801116490149312e-02
1.453350235357425517e-02
1.553354025054990220e-02
9.900655167692225950e-03
1.268607142140858526e-02
1.482039551209965098e-02
1.757772775651936237e-02
1.311913124230025367e-02
1.930015395523265731e-02
1.309997128638456902e-02
1.440725252383944638e-02
1.850087194615471567e-02
1.498623412398922793e-02
1.280631346174955325e-02
1.292985905010620232e-02
1.285695624743204632e-02
1.577305279153996820e-02
1.486801429392556675e-02
1.459661819273349280e-02
1.599109734571851557e-02
1.416801839356633154e-02
1.276543559535112463e-02
1.313558032115063473e-02
1.686202784257605225e-02
1.477619305659559276e-02
1.447613834703034147e-02
1.383275471764465643e-02
1.601720069754185294e-02
1.440112680208311367e-02
1.102462320318620646e-02
1.478874822648996133e-02
1.288363493134798109e-02
1.255664214160368691e-02
1.803099966421883166e-02
1.473281394817402799e-02
1.457720023807743993e-02
1.284405810572596292e-02
1.231203286403261682e-02
1.111428214785880296e-02
1.318446674912219889e-02
