1.643246978415544013e-02
1.443816308600953321e-02
1.049669691734877140e-02
1.331785733714343362e-02
1.334034336916381513e-02
1.319755169348896598e-02
1.315534323664522935e-02
1.546349069160202379e-02
1.287231832092556975e-02
1.376082423661277934e-02
1.765568905647918463e-02
1.259785461715765172e-02
1.355828294301981464e-02
1.460189758720213497e-02
1.198558546713164759e-02
1.426167858753582887e-02
1.202794544281755341e-02
1.160959343329988000e-02
1.224489074273260245e-02
1.427077438920951701e-02
1.274311724444780573e-02
1.237598062127427158e-02
1.439012723579364585e-02
1.451029827952739042e-02
1.566903819978935838e-02
1.277518189417197435e-02
1.365827469355316778e-02
1.421523734486413240e-02
1.388724689385081000e-02
1.119180410563730584e-02
2.280356499947256213e-02
1.521285184226264450e-02
1.511428556724234672e-02
1.538802822308584124e-02
1.600936996725915371e-02
1.723057276230765059e-02
1.290723337597106044e-02
1.309414918977476645e-02
1.675716026748479137e-02
1.406168545352851421e-02
2.032816633893216179e-02
1.033433659238835144e-02
1.877358615889659563e-02
1.267637749342706739e-02
1.901908071199326020e-02
1.184469647288432202e-02
1.616807028504835611e-02
1.411445551352401122e-02
1.424142332173049946e-02
1.434971448149381830e-02
1.168812685160248825e-02
1.280226163754586213e-02
1.567812159540007272e-02
1.466773610458161313e-02
1.445602540923591507e-02
1.225806041899259180e-02
1.391968281071042333e-02
1.459009321249046809e-02
1.319561177311061664e-02
1.154516143348969723e-02
1.362754102613237053e-02
1.281772207916333575e-02
1.115879727385296616e-02
1.327929288703878601e-02
1.432950889448925819e-02
1.698211169787251437e-02
1.720705262286203671e-02
1.733332411032884740e-02
1.348195274832727705e-02
1.784744894147396316e-02
