2.300000000000000000e+01
2.300000000000000000e+01
2.300000000000000000e+01
2.300000000000000000e+01
2.300000000000000000e+01
2.300000000000000000e+01
2.300000000000000000e+01
2.300000000000000000e+01
2.300000000000000000e+01
2.300000000000000000e+01
2.300000000000000000e+01
2.300000000000000000e+01
2.300000000000000000e+01
2.300000000000000000e+01
2.300000000000000000e+01
2.500000000000000000e+01
2.500000000000000000e+01
2.500000000000000000e+01
2.500000000000000000e+01
2.500000000000000000e+01
2.500000000000000000e+01
2.500000000000000000e+01
2.500000000000000000e+01
2.500000000000000000e+01
2.500000000000000000e+01
2.500000000000000000e+01
2.500000000000000000e+01
2.500000000000000000e+01
2.500000000000000000e+01
2.500000000000000000e+01
3.000000000000000000e+01
1.800000000000000000e+01
3.000000000000000000e+01
3.000000000000000000e+01
4.600000000000000000e+01
1.800000000000000000e+01
1.800000000000000000e+01
3.000000000000000000e+01
1.800000000000000000e+01
1.800000000000000000e+01
1.800000000000000000e+01
1.800000000000000000e+01
1.800000000000000000e+01
1.800000000000000000e+01
1.800000000000000000e+01
1.800000000000000000e+01
2.800000000000000000e+01
2.800000000000000000e+01
1.800000000000000000e+01
2.800000000000000000e+01
2.800000000000000000e+01
2.800000000000000000e+01
2.800000000000000000e+01
1.800000000000000000e+01
2.800000000000000000e+01
1.800000000000000000e+01
2.800000000000000000e+01
2.000000000000000000e+01
2.800000000000000000e+01
1.800000000000000000e+01
2.800000000000000000e+01
1.800000000000000000e+01
2.800000000000000000e+01
1.800000000000000000e+01
2.800000000000000000e+01
1.800000000000000000e+01
2.800000000000000000e+01
2.800000000000000000e+01
2.800000000000000000e+01
1.800000000000000000e+01
1.800000000000000000e+01
1.800000000000000000e+01
2.800000000000000000e+01
1.800000000000000000e+01
1.800000000000000000e+01
4.400000000000000000e+01
4.700000000000000000e+01
1.800000000000000000e+01
1.800000000000000000e+01
1.800000000000000000e+01
4.700000000000000000e+01
4.700000000000000000e+01
1.800000000000000000e+01
4.700000000000000000e+01
4.400000000000000000e+01
1.800000000000000000e+01
4.400000000000000000e+01
4.400000000000000000e+01
4.700000000000000000e+01
1.800000000000000000e+01
2.300000000000000000e+01
2.300000000000000000e+01
2.300000000000000000e+01
2.300000000000000000e+01
2.300000000000000000e+01
2.300000000000000000e+01
2.300000000000000000e+01
2.300000000000000000e+01
2.300000000000000000e+01
2.300000000000000000e+01
2.300000000000000000e+01
1.100000000000000000e+01
1.100000000000000000e+01
2.300000000000000000e+01
2.300000000000000000e+01
