2.108243516974051338e-02
3.165829123050947769e-02
2.215083080515787423e-02
2.038904883758816539e-02
1.523743230607993437e-02
2.143226261410039607e-02
2.205192494128817293e-02
1.830816685054046516e-02
1.916545656517873453e-02
1.794321344418894557e-02
2.200821475677850608e-02
1.495860259140986692e-02
1.741398683269838876e-02
1.988263592184979708e-02
1.327215573091511044e-02
2.036311056337321984e-02
2.048465183725070929e-02
1.796294577421905445e-02
2.730608546570981870e-02
2.428997537085244435e-02
1.508039273861984213e-02
2.239258812463219492e-02
1.543453219996207201e-02
2.997835769694483232e-02
2.215970217748886029e-02
2.433014201278072344e-02
1.340243973621806951e-02
1.675654885306254033e-02
2.568384255862361451e-02
2.035650809597836300e-02
2.151354945310220840e-02
2.100993399036919437e-02
1.905122275819410085e-02
2.192018209893084255e-02
2.200513741172221982e-02
1.888777185081402799e-02
1.690141275179471436e-02
1.661283447453868953e-02
1.807327828497844527e-02
2.205280929353556352e-02
1.437921652984242189e-02
1.892304711983684024e-02
1.991061642543320506e-02
1.994024832225669772e-02
2.299834352369476212e-02
1.794929089344742684e-02
1.886061278617424605e-02
2.188821224277774993e-02
1.847754159741516605e-02
1.570825638740084434e-02
