1.670572762371267533e-02
2.000001946333424679e-02
2.145993487696519139e-02
2.009156425205823118e-02
2.253076353927292719e-02
1.860474211711378792e-02
1.967672161448073831e-02
2.674639089853412741e-02
1.837994163588156996e-02
2.009768951001048368e-02
1.886851682859533655e-02
2.423404550569598775e-02
1.416790295263952414e-02
1.945446938747063745e-02
1.373046455663808584e-02
1.919761593910328593e-02
2.096960515758086729e-02
1.979105391103114578e-02
1.723600340835876321e-02
1.800239589288559622e-02
1.957389043446241747e-02
1.908442159843812269e-02
1.922647036668085133e-02
2.142546694524809225e-02
2.236949013145182741e-02
2.516341160027850410e-02
1.690278902224393032e-02
2.367129672874222768e-02
2.024369244255170425e-02
1.841501536077827517e-02
1.754017076635006750e-02
1.459907766683362328e-02
2.164179423675292174e-02
1.856051280203446438e-02
2.218035885117078040e-02
1.884062462864711032e-02
2.437582358701215202e-02
1.879886933478747135e-02
1.800757753573323933e-02
1.601430700577014324e-02
2.053640890599011185e-02
4.272595033527660374e-02
1.558695640319280630e-02
2.362324495803319949e-02
2.056544069730561336e-02
1.640476812903702425e-02
1.760628453952245778e-02
2.106178617517494300e-02
1.471600940356583564e-02
2.059252033557001232e-02
