1.454404863206066462e-02
1.458405575399768749e-02
1.290172941136366949e-02
1.456951631721771327e-02
1.580105415853087086e-02
1.299060548703843097e-02
1.286537352473550964e-02
1.428726542380497587e-02
1.481817364047786217e-02
1.559001359927354030e-02
1.508123897953102081e-02
1.332019260284037290e-02
1.234066751792163574e-02
1.070715365569591820e-02
1.455871872864357083e-02
1.132950863316119043e-02
1.501965200004205109e-02
1.432318826600282625e-02
1.362904937506543256e-02
1.353815486003621428e-02
1.144351441968574287e-02
1.306374078129050181e-02
1.665736119149429859e-02
1.899177810929405727e-02
1.344223425791397225e-02
1.707895379832935143e-02
1.850641202302583804e-02
1.264967090807271252e-02
1.650368622282877284e-02
1.291602992228598965e-02
1.274123565945709316e-02
1.006019939568445279e-02
1.938559245592701846e-02
1.381145714058214756e-02
1.559492129004096637e-02
1.300941146349556855e-02
1.426042799241141086e-02
1.674751823625056021e-02
1.423819594934875796e-02
1.466356273290731968e-02
1.372414208774936153e-02
1.396956182251015213e-02
1.648563757739588201e-02
1.528237168910948941e-02
1.731004152755134112e-02
1.295025596099311747e-02
1.744899713081616080e-02
9.032715379124214850e-03
1.264467528203593559e-02
1.557600298109510124e-02
1.308188692906978728e-02
1.424906641368226153e-02
1.300302740434836589e-02
1.582071746557094094e-02
1.531087364783377362e-02
1.316534752343656578e-02
1.262671046632771361e-02
1.594884610535311081e-02
1.405426966596014411e-02
1.858189577602380183e-02
1.512640323583904454e-02
1.503860674448673738e-02
1.348366180756276934e-02
1.366374667759339204e-02
1.346881415476515291e-02
1.135434180379544210e-02
1.634208977682404321e-02
1.333203761440809529e-02
1.248800797777611590e-02
1.286998285319451880e-02
