1.650002247924077861e-02
1.669107755737571364e-02
1.237619009663266240e-02
1.469130212158530242e-02
1.406821330768066869e-02
1.206377307888352457e-02
1.440835850914320808e-02
1.089212112889779982e-02
1.180103384931361320e-02
1.304150617059375572e-02
1.472469441438198877e-02
1.179401684106206986e-02
1.250256559468264014e-02
1.530270379445929432e-02
1.329995008925558692e-02
1.370831622488766395e-02
1.322773698081241081e-02
1.422573991808498244e-02
1.334498611061144674e-02
1.529134551893677682e-02
1.251020499743608731e-02
1.898066966731776911e-02
1.212396708490750055e-02
1.960007577202031726e-02
1.109251983195587953e-02
1.136581945017391300e-02
1.596480979071424749e-02
1.747779411513223843e-02
1.598905010794794343e-02
1.289338087963921506e-02
7.518099284785661508e-03
1.549986741528005217e-02
1.651368908962615178e-02
1.270855985320219067e-02
1.494564094218550458e-02
1.336504757957031851e-02
1.518081415359395087e-02
1.169860402564900509e-02
1.525127594520554047e-02
1.444461532709440978e-02
1.646866548929288437e-02
1.430292836815060843e-02
1.007494967332432309e-02
1.442367067180337463e-02
1.445147100134971940e-02
1.624899487783834640e-02
1.340431724015455316e-02
1.313722105887387380e-02
1.413602353991246820e-02
1.342499800089327899e-02
1.435125301225588339e-02
1.304242924384080293e-02
1.895453828988925143e-02
1.837076817987674457e-02
1.451408594595695982e-02
1.322969011900467125e-02
1.799646360916253712e-02
1.975000826083638666e-02
1.619406148473701360e-02
1.257585081557221866e-02
1.373892999591568888e-02
1.260293190070377670e-02
1.185605966612148648e-02
1.529904728058401400e-02
1.307544563615468773e-02
2.118912301369108020e-02
1.148572915579604975e-02
1.531831834507803303e-02
1.643194753681681899e-02
1.086991948645263210e-02
