2.512975458156162592e-02
2.053188302666097975e-02
2.160878661507883991e-02
2.109095310032587170e-02
1.853440959713031563e-02
1.703204873013728846e-02
1.778162955412616181e-02
2.250801499352281243e-02
1.675019920357110823e-02
1.666609556754473573e-02
1.815692142552816427e-02
2.417137509729603076e-02
1.916888606511664428e-02
2.210768878446581903e-02
1.997223266826927621e-02
2.444975951881833004e-02
2.051664700620504586e-02
1.825402320994766112e-02
1.715811424322690251e-02
1.878510896216058906e-02
1.640605176514001173e-02
1.886368718457256954e-02
1.640792899291172030e-02
1.925966289038339579e-02
2.134065113000023842e-02
1.769809537929624768e-02
1.990741310143285051e-02
2.568335254979024415e-02
2.621813178672144015e-02
2.298413166943733682e-02
2.006560747084699947e-02
1.617481794754212221e-02
1.816116292290620438e-02
2.212390806925523118e-02
2.361790775120350266e-02
2.382072739776405421e-02
1.523693130768585639e-02
1.841390788250584290e-02
1.929555689189801915e-02
1.493756565051750779e-02
1.496856324949524808e-02
2.340853325418058156e-02
2.007018810475156428e-02
1.788107095763341939e-02
2.564337777639274715e-02
1.930204626286793901e-02
2.124271072409147573e-02
2.527827957417678323e-02
1.907028921694044546e-02
1.614320918696403317e-02
