1.154765636125472568e-02
1.199926638033763440e-02
1.615167772670939375e-02
1.733161005216593206e-02
1.216639228852442467e-02
1.288993460261714241e-02
1.408359909295622998e-02
1.775009288049451614e-02
1.305048510868073684e-02
1.380891311707385313e-02
1.376193403805292016e-02
1.253612959073565659e-02
1.187658275004308851e-02
1.356248078066749768e-02
1.403088176714628425e-02
1.574063070052304086e-02
1.132953128633819306e-02
1.643740975859121767e-02
1.342847747571116954e-02
1.600608266572994126e-02
1.445809382112171401e-02
1.603937579306241590e-02
1.779240087782498966e-02
1.535358523416971606e-02
1.197868798823361475e-02
1.401158222719232037e-02
1.632814311083118780e-02
1.450221960809467553e-02
1.593484872423466328e-02
1.269168925547894781e-02
1.500547543602742152e-02
1.523304318654749093e-02
1.676388510485389907e-02
1.235903878581876870e-02
1.317693520939461869e-02
1.819426791856421782e-02
1.247028674338608936e-02
1.445565003659223489e-02
1.461600245039141113e-02
1.256584440047805312e-02
1.250498004351122995e-02
1.221740001433796810e-02
1.518514250361808864e-02
1.650036380672159977e-02
1.283930130419713017e-02
1.545502604562596673e-02
1.668345566894380988e-02
1.797412644650503433e-02
1.534199453290927863e-02
1.662037455088942461e-02
1.904507012012574690e-02
1.308817040003780463e-02
1.401252883340782171e-02
1.415349426984873274e-02
1.389407075285077967e-02
1.407044675541449172e-02
1.289312162811778913e-02
1.351712309418340655e-02
1.357685619967802064e-02
1.579282703482429856e-02
1.470566862195634220e-02
1.500445033096407116e-02
8.716831592934548220e-03
1.304988486656874502e-02
1.281312818763645153e-02
1.391241585465400298e-02
1.101897418439309190e-02
1.710335229797567760e-02
1.167663934399129980e-02
1.321195637652496264e-02
