1.657979418612960665e-02
1.189975043624213157e-02
1.262849548273218235e-02
1.408372289845046324e-02
1.502288279234891000e-02
1.461499048194030669e-02
1.611158392423115912e-02
1.571508869210767531e-02
1.334048129335639946e-02
1.933184195204936881e-02
1.373030323260536478e-02
1.431300093222233859e-02
1.523521775620145964e-02
1.348325005181549331e-02
1.569021110552862308e-02
1.135613884309087142e-02
9.352711214925080868e-03
1.148668791962995615e-02
1.706363371836234002e-02
1.364868532803321932e-02
1.452898863770672386e-02
1.825392437453371777e-02
1.399970156717823475e-02
1.712073042801970368e-02
1.433217912072018430e-02
1.261719844114450248e-02
1.179198596741695346e-02
1.299859023400797529e-02
1.531027590004789031e-02
1.537227656085327077e-02
1.192990510168868111e-02
1.732296501587322207e-02
1.469143816281938755e-02
1.383459057641767131e-02
1.277507992812609329e-02
1.483539674623516810e-02
1.411838701697559414e-02
1.221443532017970485e-02
1.499634920173923205e-02
1.566004224440034273e-02
1.363949777139659113e-02
1.094005627639723852e-02
1.562049370182708175e-02
1.488088299475453201e-02
1.366494579767719465e-02
1.593719475201452185e-02
1.462474540245017711e-02
1.669583262725540806e-02
1.137999952684193641e-02
1.540765160408744290e-02
1.538033407945257197e-02
1.305573982647371262e-02
1.694085466241620347e-02
1.670398268934942740e-02
1.071653414502761990e-02
1.514970123890595384e-02
1.132398195627459629e-02
1.851431942560831032e-02
1.156394948072357078e-02
1.265493825469690865e-02
1.232256045665081068e-02
1.672236302561423346e-02
1.184721898720001061e-02
1.159976042097349280e-02
1.334241067675711115e-02
1.722334294910478000e-02
1.499721413475819595e-02
1.782669518275161250e-02
1.186514842192036567e-02
1.406473674255056053e-02
