1.471009055901818449e-02
1.485307974913137839e-02
1.245840869481665281e-02
1.588583152359768907e-02
1.390054838915132270e-02
1.255526841961450771e-02
1.518162903495706186e-02
1.345556411485666036e-02
1.743966662527041134e-02
1.429577922012368121e-02
1.958474048474133714e-02
1.495774443672730734e-02
1.243152457172922408e-02
1.312732194105840564e-02
1.098572726173692969e-02
1.413691721667441857e-02
1.432659912416510417e-02
1.558368040988508500e-02
1.122201465442418215e-02
1.642804896465692444e-02
1.260082572984413431e-02
1.598075210007331159e-02
1.433174059954417899e-02
1.199097471549277066e-02
1.411026520820069310e-02
1.127667543952236111e-02
1.777434415024588266e-02
1.321797176726393491e-02
1.884879358628220591e-02
1.285359108172215263e-02
1.370948015305420431e-02
1.475417831494153093e-02
1.916446077575046855e-02
1.011494117735777833e-02
1.492437727394275646e-02
1.588285277854095331e-02
1.433221914522505268e-02
1.397506059723301573e-02
1.416922971442768561e-02
1.672003548281208313e-02
1.362908945050445193e-02
1.547034243192348113e-02
1.125085299905376895e-02
1.279629786464724951e-02
1.638197628518083676e-02
1.525753300964062531e-02
1.269033800859907177e-02
1.384742699751342898e-02
1.172827497689734114e-02
1.546786247695319978e-02
1.520765709340988515e-02
1.546992136891176157e-02
1.107826187639113398e-02
1.554569068293484499e-02
1.368204975897373450e-02
1.578293369097339555e-02
1.680966266179690499e-02
1.336981158850385383e-02
1.760883276999728256e-02
1.351440545818796517e-02
1.401678217463106675e-02
1.239700525002093365e-02
1.419740627245414701e-02
1.426078990328537299e-02
1.253422534918279159e-02
1.426046677597286871e-02
1.370688109613277424e-02
1.285109411858407873e-02
1.302247744736435495e-02
1.391069497356386443e-02
