1.304210061882838355e-02
1.232823427980938268e-02
1.389697666609676294e-02
1.427803027576385851e-02
1.057240412627920810e-02
1.687129844719139488e-02
1.759225242302763642e-02
1.627206187685366345e-02
1.410973640985916690e-02
1.391904760678831614e-02
1.564579274159872205e-02
1.190230373326644185e-02
1.422453758292264829e-02
1.392918407005840423e-02
1.570045584492424026e-02
1.327661869012257932e-02
1.875691510561384653e-02
1.513894232233379752e-02
1.322523417193643969e-02
1.232112352461852203e-02
1.197601305207075459e-02
1.302676472069090596e-02
1.615834564636982329e-02
1.740157579592158457e-02
1.433606287649161898e-02
1.131250588560953237e-02
1.435572091061446814e-02
1.494537166313693148e-02
1.769077149850665012e-02
1.367905678541138544e-02
1.612417132589510568e-02
1.241336335252177063e-02
1.526099351412765759e-02
1.434992191959855168e-02
1.244677816198097933e-02
1.859589914194076030e-02
1.221136422509676127e-02
1.435315609792075543e-02
1.294999271573280680e-02
1.254543246821096178e-02
1.168227502021522250e-02
1.444671349115124112e-02
1.171509749249107467e-02
1.471395319537872025e-02
1.181147795005646657e-02
1.231926863666566070e-02
1.777427490382410546e-02
1.444315246429934800e-02
1.089101472062354789e-02
1.073520311646665448e-02
1.880839094949264198e-02
1.420238720710435484e-02
1.493533749003489799e-02
1.570043603424959786e-02
1.551463174397160576e-02
1.523673863605094943e-02
1.406602744460979174e-02
1.351793892574801315e-02
1.471682303393641311e-02
1.868233244379369912e-02
1.942429276883821804e-02
1.306139587799223095e-02
1.882531478492179347e-02
1.218779113141931630e-02
1.198078665028111563e-02
1.708428997032122865e-02
9.408070964560685812e-03
1.356475167205480926e-02
1.273810321183447419e-02
1.267521579186885704e-02
