1.335329932318614528e-02
1.435824057221353998e-02
1.226586929146773405e-02
2.037211589364127523e-02
1.375351833915611395e-02
1.337860077182059272e-02
1.538725151566580109e-02
1.995205069933729536e-02
1.276969632769757099e-02
1.963556062084362286e-02
1.510519633566178091e-02
1.494777510696153507e-02
1.346008789609223072e-02
1.441676631102174234e-02
1.203800577750683415e-02
1.398286107219202067e-02
1.347676307949552052e-02
1.519140947370021394e-02
1.242616231097249009e-02
1.430998202148528291e-02
1.261498563276732508e-02
1.080386996181289215e-02
1.419105116401656735e-02
1.314282680758103831e-02
1.883427840180461679e-02
1.225254395519075924e-02
1.280644870319168349e-02
1.291484985788472414e-02
1.388269172608610699e-02
1.449112504799010374e-02
1.229538157894086679e-02
1.272246021901172509e-02
1.647695699349332327e-02
1.287222139270512156e-02
1.085329050149087468e-02
1.605871247656617123e-02
1.587332531454792653e-02
1.391582942498018755e-02
1.605732560382465771e-02
1.319694563462089042e-02
1.501572592340438307e-02
1.150742028801288001e-02
1.463220388014475383e-02
1.885653267063789468e-02
1.628653926549187766e-02
1.332699962889899448e-02
1.341573432941574155e-02
1.673284343493554663e-02
1.692359190896439852e-02
1.401260546361194660e-02
1.241418248143322592e-02
1.621996282540396142e-02
1.211679457708132041e-02
1.278826627906666340e-02
1.310437732645953340e-02
1.351610176657807444e-02
1.614713172822831305e-02
1.558169352297839559e-02
1.430500572550384188e-02
1.716513945293118501e-02
1.275069024140588689e-02
1.034576444505792316e-02
1.495509527828369455e-02
1.040937689577224601e-02
1.193106621019243696e-02
1.785921794512149163e-02
1.503185271318568765e-02
1.418197708065437046e-02
1.251302952419443629e-02
1.511474404832214603e-02
