1.400008266817209975e-02
1.431785847826221557e-02
1.022082171054269732e-02
1.264278292555321391e-02
1.925740390048545636e-02
1.234802650265614567e-02
1.469530667334655212e-02
1.280106335246204013e-02
1.571303989479194349e-02
1.846357921682280009e-02
1.234309834265255763e-02
1.129155213499424305e-02
1.340306164717290985e-02
1.573530064651906465e-02
1.668004840251638074e-02
1.695012649838046129e-02
1.963565083900151165e-02
1.194778292708889057e-02
1.297951614671267323e-02
2.110635200050604149e-02
1.911535949278753491e-02
1.741173287025395838e-02
1.324761355392143486e-02
1.476174180928449021e-02
1.451519186888786637e-02
1.292610777555222752e-02
1.816996731858791861e-02
1.446518073411888657e-02
1.515112375482892404e-02
1.434031107379143272e-02
1.397284836772126095e-02
1.431093290191897890e-02
1.652713359134109009e-02
1.370873713193166907e-02
1.594591543081664772e-02
1.480667374748140079e-02
1.501053210599285169e-02
1.035512326233127729e-02
1.119399403882780607e-02
1.293295996783792000e-02
1.530401845300913971e-02
1.224085426146502738e-02
1.238565824438496617e-02
1.636049728031464812e-02
1.453275726657014301e-02
1.187875018851227392e-02
1.442063231714117363e-02
1.587034544642055081e-02
1.476975963796448368e-02
1.060982197375570993e-02
1.565038089444912087e-02
1.613998619977322080e-02
1.418321143971495828e-02
1.331178861277156761e-02
1.057500453766982082e-02
1.500453210363550567e-02
1.159650471324341278e-02
1.257881781290055151e-02
1.255966323582102633e-02
1.444799358488355751e-02
1.645328188434422648e-02
1.497683035697644667e-02
1.117205592585717756e-02
1.472954449895240263e-02
1.296554413374506956e-02
1.552928709550634688e-02
1.201601764432469292e-02
1.272164881262419570e-02
1.414302241387540258e-02
1.147015332253761496e-02
