1.419549098535468137e-02
1.870717987541709038e-02
1.392822254505176292e-02
1.567077119417086342e-02
1.359848078755413608e-02
1.144958596585199904e-02
1.436208424459336011e-02
1.757480646049073766e-02
1.308411880915839008e-02
1.254278655906185432e-02
1.408357483044630348e-02
1.300394626135609015e-02
1.276570852506408310e-02
1.507850084530355274e-02
1.295897640071059023e-02
1.543698652987602303e-02
1.325828922588758764e-02
1.152040705091524758e-02
1.108707430070113645e-02
1.137744432961173072e-02
1.168569071237885761e-02
1.728253666077202849e-02
1.848708857162406280e-02
1.213175404565233415e-02
1.500415619331355727e-02
1.689353541820189791e-02
1.479458291539391575e-02
1.198280568197425400e-02
1.731066722558191606e-02
1.408569136135767209e-02
1.466681100727613291e-02
1.232611099092846205e-02
1.348701434314487219e-02
1.042692716442844558e-02
1.309138411842462879e-02
1.198970697736626186e-02
1.485717030930764140e-02
1.730349132721041572e-02
1.912852025682478668e-02
1.850152673295458669e-02
1.222394109206487861e-02
1.547293152185221822e-02
1.487026306853475068e-02
1.257438285285339928e-02
1.410370619194479397e-02
1.103977501431802413e-02
1.605195973740307022e-02
1.216945947922620438e-02
1.564185785172821086e-02
1.166157429157401761e-02
1.475996549484194335e-02
9.884488386513769209e-03
1.233514491074408359e-02
1.336361005778401168e-02
1.398104310377623442e-02
1.819548798156958580e-02
1.091753460516803852e-02
1.460691224603518149e-02
1.408251648237938275e-02
1.284338951130504017e-02
1.510245122951202855e-02
1.460415795781934249e-02
1.435691324395643037e-02
1.545025390432601224e-02
2.171152475906418591e-02
1.448342009667113496e-02
1.817472403119854349e-02
1.494222473064185132e-02
1.403020703604583586e-02
1.524257138845406569e-02
