1.607055239772135768e-02
1.322009417951415695e-02
1.393540741362276313e-02
1.298105278400384609e-02
1.159311540868276751e-02
1.237861138491149447e-02
1.717965852423431611e-02
1.598403538595232973e-02
1.371794557151510482e-02
1.660143093755702196e-02
1.100986353389395850e-02
1.575275264410928161e-02
1.674849248652907074e-02
1.149591429863270481e-02
1.459517645184169564e-02
1.533280099066281453e-02
1.512929164598898236e-02
1.563417300488928810e-02
1.453309155032731642e-02
1.639082020403466455e-02
1.222581909947820060e-02
1.371012406894606649e-02
1.422193797457324028e-02
1.507045708371097803e-02
1.395331031075444823e-02
1.559354952199602101e-02
1.490763911018759373e-02
1.363169123967859601e-02
1.637646688590261093e-02
1.222198593600911341e-02
1.373344137723814772e-02
1.375391482924878672e-02
1.095375402728215181e-02
1.127537539527005868e-02
1.654434401487274095e-02
1.419975560742277668e-02
1.207313575603498508e-02
1.497062187532830456e-02
1.762430036677948425e-02
1.378822020461376030e-02
1.866660453589631327e-02
1.412147072456531281e-02
1.302913394254099147e-02
1.562142684760224262e-02
1.263641395017050563e-02
1.588229704553528396e-02
1.166814289450946764e-02
1.503095459263063295e-02
1.364494870866789916e-02
1.412772927325746733e-02
1.608366503354029253e-02
1.451242467211422658e-02
1.074332108477364309e-02
1.180233921553926549e-02
1.416660028307925069e-02
1.615148058316213595e-02
1.429136495068115617e-02
1.212844705645706525e-02
1.376456068647292051e-02
1.593222954614636339e-02
1.468565781550862370e-02
1.370080156067179228e-02
1.610048276364044531e-02
1.772693880330045504e-02
1.286432667728259517e-02
1.343612699602944431e-02
1.486138569869851177e-02
1.562226592091948800e-02
1.064118934227639181e-02
1.524114331037647145e-02
