1.505482412353637348e-02
1.564036888627446872e-02
1.202770206212663319e-02
1.599442793386961562e-02
1.581209965522327801e-02
1.765389395268944159e-02
1.458850470588775317e-02
1.633369858537455852e-02
1.478714365916933976e-02
1.633479145246595834e-02
1.263227505036218848e-02
1.444233739353144134e-02
1.233582743953819290e-02
1.642014265984601332e-02
1.163650646331449920e-02
1.515590922076527278e-02
1.289242452184395649e-02
1.133245994025967179e-02
1.462772895015001379e-02
1.323201218299666776e-02
1.254387332782020553e-02
1.543111043215879274e-02
1.277518929033612770e-02
1.133862541879801511e-02
1.499014532509577308e-02
1.416458895344217643e-02
1.308072228589794543e-02
1.096347885513185814e-02
1.411070316737389994e-02
1.245603586695105854e-02
1.150500694904487559e-02
1.550565285223334117e-02
1.231973269859915412e-02
1.150846778854198657e-02
1.627667091240110955e-02
1.451872270919955799e-02
1.941037228302665632e-02
1.835873079809765412e-02
1.629467823253802697e-02
1.437411104664828090e-02
1.349954020502183542e-02
1.573654250962353354e-02
1.316488799801126576e-02
1.371964756925268814e-02
1.602300692060042858e-02
1.497563274065096504e-02
1.307334506079279278e-02
1.418964467162756905e-02
1.260056001526630581e-02
1.488392736756214731e-02
1.572356682382074905e-02
1.182356787539784633e-02
1.698584923817335335e-02
1.661450521728746049e-02
1.594593571389478145e-02
1.284562068189022167e-02
1.372170153177885987e-02
1.866438617611919024e-02
1.270402575126134553e-02
1.160912793028786617e-02
1.576776978131618628e-02
9.498052431267058407e-03
1.552882589399155050e-02
1.200544098148689613e-02
1.939555600382620801e-02
1.622113485174235883e-02
1.506565439864806372e-02
1.472580995370937652e-02
9.481485981013859990e-03
1.294354969211540876e-02
