1.668291818087401165e-02
1.123720141706525261e-02
1.424057642036267654e-02
1.533285189060529588e-02
1.375561444836128668e-02
9.931511292443753747e-03
1.088503871502711183e-02
1.263225766865591453e-02
1.404634452760812439e-02
1.678713836910422988e-02
1.802715795153897460e-02
1.336854310989188735e-02
1.870425261071833808e-02
1.136018027576621119e-02
1.090069547579713971e-02
1.352413632326491220e-02
1.607456363669127961e-02
1.330843150243560605e-02
1.225177648439015714e-02
1.823250948693315443e-02
1.025381799972116710e-02
1.536967831296006531e-02
1.605895089044069926e-02
1.099683376633313510e-02
1.221268769628720309e-02
1.485757243147494550e-02
1.350109648300595877e-02
1.238821685353104496e-02
1.737080069854738881e-02
1.570410155766106125e-02
9.874708792321463049e-03
1.478773403193046031e-02
1.965568232058755027e-02
1.462707823064694421e-02
1.321058209998563979e-02
1.821061613252251271e-02
1.517007945104578877e-02
1.254740041400219039e-02
2.101523047316622775e-02
1.469540798474612379e-02
1.608190032399721761e-02
1.648425997655649997e-02
1.651147296455227065e-02
1.567179919253948103e-02
1.777706897531622018e-02
1.382818140427458098e-02
1.345273816352273236e-02
1.517356756279607255e-02
9.616386843750027516e-03
1.145996562708315354e-02
1.264816820676850639e-02
1.612239369006731454e-02
1.350589231044774935e-02
1.156705245109580435e-02
1.635128858153861442e-02
1.424642957739913340e-02
1.272980529190712896e-02
1.306065615191442063e-02
1.565586060885517175e-02
1.176331863899708965e-02
1.777971671381392907e-02
1.315711455374820628e-02
1.072021110634166496e-02
1.731001054959760421e-02
1.361520333437980963e-02
1.367750152577769211e-02
1.475530380580872963e-02
1.281718374940334602e-02
1.641161793154827242e-02
1.225595377774850968e-02
