1.182780861397529984e-02
1.197242400718430064e-02
1.501369658506853527e-02
1.539074811200470683e-02
1.377576698469192874e-02
1.238754947238195590e-02
1.751866374784084857e-02
1.525214858866117372e-02
1.183745760129087214e-02
1.582471086144010552e-02
1.468770940779046304e-02
1.484502954290268899e-02
1.622543224472303841e-02
1.298847968033696107e-02
1.460927722055691859e-02
1.701205206895175376e-02
1.388086801493906668e-02
1.722827017803176680e-02
1.379587903197761374e-02
1.444072955374754719e-02
1.676591497276013268e-02
1.178398669966561688e-02
1.243981964264943840e-02
1.159872285290170814e-02
1.321076129204229455e-02
1.481436467965034989e-02
1.165678644094575618e-02
1.046591442499247848e-02
1.579039512434741999e-02
1.540461526967711221e-02
1.434253169242562069e-02
1.344968901037848878e-02
1.666562949256602741e-02
1.344692702323210635e-02
1.218684937244818821e-02
1.976372737375851896e-02
1.138183347808282772e-02
1.425140696136236070e-02
1.398430572220776651e-02
1.659842481894571037e-02
1.525888317320747006e-02
1.830082084290036298e-02
2.008514022638606400e-02
1.507044141392443505e-02
1.622842923853001079e-02
1.120615590127105668e-02
1.256131275295677835e-02
9.021633752708034179e-03
1.324513291080978150e-02
1.289732626987243579e-02
1.158087759270137393e-02
1.170963922984050685e-02
1.527576686326466253e-02
1.635491939351388369e-02
1.804739837041433731e-02
1.411919528537860027e-02
1.486446270977096612e-02
1.336152068169662276e-02
1.153349291596283098e-02
1.607985605470116722e-02
1.609100052951469365e-02
1.344901286898530536e-02
1.461936254380595372e-02
1.192031724748214561e-02
1.645342589829036292e-02
1.371954745104076411e-02
1.242845031693935211e-02
1.263516268915960104e-02
1.472296751619852663e-02
1.664103949523424233e-02
