1.563062806037189209e-02
1.192082027967097252e-02
1.098323013213675647e-02
1.470116257924482424e-02
1.362070319844451219e-02
1.338976922361853096e-02
1.461829376389383282e-02
1.642260219981587707e-02
1.087336633808967667e-02
1.544627937141541257e-02
1.760183719809441105e-02
1.409835961363270843e-02
1.229195346384831695e-02
1.537135813961131720e-02
1.485378763569709416e-02
1.250683506176988348e-02
1.463722197861291527e-02
1.516769514542231842e-02
1.394325626990062551e-02
1.250098752242567897e-02
1.313881663025044146e-02
1.118983174727528757e-02
1.710219345713426958e-02
1.449905720463016967e-02
1.183574949844240325e-02
1.229630718603695605e-02
1.538348690867299626e-02
1.163297710288409628e-02
1.533120420796791304e-02
1.170254386340350422e-02
1.563294922370385767e-02
2.017197425224647248e-02
1.405354620479057522e-02
1.120962117684294428e-02
1.255703299766785727e-02
2.022506619664099850e-02
1.311738404103643049e-02
1.590551765886933158e-02
1.379060763196899089e-02
1.356563880424575472e-02
1.786456173228704453e-02
1.094831550902452925e-02
1.924828669249359012e-02
1.438825336084604244e-02
1.567668321427499387e-02
1.356806309534428455e-02
1.593312253409898127e-02
1.524288335927892306e-02
1.461861940676621556e-02
1.369075954417465005e-02
1.513776595856673561e-02
1.145466699099764903e-02
1.451714571970269020e-02
1.437096377130481391e-02
1.702547628222526171e-02
1.217550787525611793e-02
1.450301160184197351e-02
1.250117654299915879e-02
1.431742556221431498e-02
1.521943234805183884e-02
1.019674730317522530e-02
1.234919241515584735e-02
1.453562644802895189e-02
1.375838608195340852e-02
1.377764661775357329e-02
1.842936598745205379e-02
1.560249768599164359e-02
1.278687998283013424e-02
1.782964173805286559e-02
1.341024146742770401e-02
