1.080419833370441750e-02
1.344033008288151448e-02
1.288805920671885936e-02
1.403067876686430598e-02
1.643563552408934536e-02
1.220053323146194635e-02
1.508083428807704789e-02
1.820419254404068155e-02
1.619042119251012588e-02
1.929033258394887568e-02
1.546408923760899529e-02
1.302494576222319907e-02
1.858828988031832261e-02
1.456553697761733823e-02
1.578929461737717602e-02
1.260762415672632246e-02
1.090967845371100878e-02
1.494698151726352869e-02
1.377215457665245148e-02
1.182630037488628660e-02
1.206397179973594386e-02
1.329548853942376201e-02
1.590260770304963156e-02
1.232722405011936993e-02
1.572160763817478241e-02
1.452639934974947304e-02
1.231873712653957023e-02
1.623259837175525244e-02
1.590136501366702648e-02
1.294590528643795035e-02
1.142417992172562249e-02
1.439365680808267489e-02
1.096561115090072952e-02
1.707102540258904205e-02
1.390401204068725943e-02
1.515434299887847940e-02
1.935125214213613901e-02
1.155184547188079815e-02
1.479501045920877077e-02
1.339746749467362816e-02
1.838721117739813490e-02
1.658963298909693629e-02
1.258294743675476314e-02
1.349985805583967836e-02
1.420156678821572240e-02
1.583169250102874764e-02
1.334846170188556599e-02
1.002018412144637695e-02
1.558773098616569874e-02
1.493536752104314067e-02
1.590064229219278688e-02
1.182367819016065351e-02
1.137420157222567181e-02
1.204679836924310403e-02
1.525937172177043062e-02
1.812130969914634362e-02
1.456616767424362760e-02
1.044971019306170992e-02
1.247163809881257114e-02
1.813310194026250544e-02
1.437048422488648204e-02
1.272619524172086819e-02
1.299020209063080772e-02
1.090044205033293204e-02
1.514099652910730863e-02
1.468569577810843393e-02
1.781640854234110491e-02
1.276030147802056404e-02
1.157589672494837608e-02
1.859768423181145866e-02
