1.210834397543701473e-02
1.543965324598307876e-02
1.300594845850194456e-02
1.871980759920692863e-02
1.344446111888700397e-02
1.288993692782980718e-02
1.395330151481868203e-02
1.276858862977166970e-02
1.622103255488223719e-02
1.152085528731416550e-02
1.503925614289176871e-02
1.245536879344288569e-02
1.228880830316509201e-02
1.519094336616830070e-02
1.220381209461118312e-02
1.676160294878512036e-02
1.482099851433750330e-02
1.442893199535885858e-02
1.277548023541120320e-02
1.304328568473389800e-02
1.607478979074824371e-02
1.520977262892002010e-02
1.347158654573746804e-02
1.715201603862994903e-02
1.554084101718584097e-02
1.302048559200862446e-02
1.337340620543078784e-02
1.438635897699958900e-02
1.444087339889687724e-02
1.628020579340893129e-02
1.303027822285348671e-02
1.153500546288669520e-02
1.504507309499992541e-02
1.436689765050342370e-02
1.132874202908278061e-02
1.784872445709922983e-02
1.885015544013965427e-02
1.375386940728275803e-02
1.288322834653343567e-02
1.414268524654398347e-02
1.858861937388026769e-02
1.540683738448644403e-02
1.461752977269516716e-02
1.368625860101411323e-02
1.242606942433195985e-02
1.468077704919251193e-02
1.265911513371553200e-02
1.638482603521380573e-02
1.335958833874929114e-02
1.461358071934339836e-02
1.532043321674054701e-02
1.172698206965195299e-02
1.269567173879168273e-02
1.049451895285269040e-02
1.382290137703402061e-02
1.947396870034461686e-02
1.564514229294804853e-02
1.259712844620283073e-02
1.411468074100134633e-02
1.488827792194014933e-02
1.119565091611393962e-02
1.400834557325591513e-02
1.186697302554516782e-02
1.256442558487125445e-02
1.448339624056547113e-02
1.551317536248746076e-02
1.926713322136413414e-02
1.596841951906862594e-02
1.312110921696447302e-02
1.399305131220312387e-02
