1.170188539518783946e-02
1.707816340649714534e-02
1.609749183948027892e-02
1.372389553865243327e-02
1.350684040915937564e-02
1.206148696401740383e-02
1.253286182950367339e-02
1.453280145355408635e-02
1.271442087630058823e-02
1.223274972335460127e-02
1.357300333121140741e-02
1.113480826084647934e-02
1.020780948355014435e-02
1.662960322475831240e-02
1.546956946695655401e-02
1.375731005083929634e-02
1.673178057700352994e-02
1.603004267889510115e-02
1.238674459626093460e-02
1.595808601320958600e-02
1.529046340203031422e-02
1.174946269455941217e-02
1.964138962145226680e-02
1.646059831539561230e-02
1.693816743265620997e-02
1.421006808886100987e-02
1.455257564374835659e-02
1.563413677938984073e-02
1.484976285681951017e-02
1.142204338518133973e-02
1.550551028711395253e-02
1.522852809362957444e-02
1.278605252319325002e-02
1.983893889183926951e-02
1.562696635563043390e-02
1.212337099333847881e-02
1.362319091116137929e-02
1.295730910894053907e-02
1.355650805961999827e-02
1.101336551426800731e-02
1.533632079952353122e-02
1.247507388809123048e-02
1.494504853220854530e-02
1.935145446333345898e-02
1.431538950813466583e-02
1.911278085334040464e-02
1.352683961891608215e-02
1.558539188667702746e-02
1.734191957129311776e-02
1.120066939807901063e-02
1.237628937355236824e-02
1.458461579303523166e-02
1.351595307311601914e-02
1.123765104721921766e-02
1.222079701480907783e-02
1.274399937896603802e-02
1.530974830761207273e-02
1.378464573857010253e-02
1.235638574084831597e-02
1.508474432338546313e-02
1.530796927039429489e-02
1.103755958125879691e-02
1.021196995471332185e-02
1.409122437900856180e-02
1.714987174102392681e-02
1.670709274576643796e-02
1.584403026782305046e-02
1.478924743696177248e-02
1.352312761464058259e-02
1.386242461963070258e-02
