1.347603517749388323e-02
1.536642040842096067e-02
1.115893326825843218e-02
1.565183857555918490e-02
1.516315424537597809e-02
1.408958417428457337e-02
1.574777469644766253e-02
1.422170992940591586e-02
1.430483052560256249e-02
1.365098977281328611e-02
1.633467696418287179e-02
1.872315997239844265e-02
1.297710284279846200e-02
1.596839148102794856e-02
1.286794857975256424e-02
1.619457992467484078e-02
1.338285298999308294e-02
1.651162473803473654e-02
1.198494230319700933e-02
1.120552935102843081e-02
1.232116407783025516e-02
1.740172067110171486e-02
1.436711141406639067e-02
1.484028418785536367e-02
1.525192893036798024e-02
1.401953005511961427e-02
2.179137330299786221e-02
1.332400598104737689e-02
1.549489484993721300e-02
1.183927368010193396e-02
1.236315486325343001e-02
1.299402947185157933e-02
1.555012557999438556e-02
1.495002853937032854e-02
1.463452294673638771e-02
1.511081499862423558e-02
1.438596582694410923e-02
1.361097863868204055e-02
1.500386844470473144e-02
1.476531566621091911e-02
1.533074940203447978e-02
1.610062276284612501e-02
1.478074094222667743e-02
1.623514428528092038e-02
1.552847052314871440e-02
1.278474066862542863e-02
1.618749628883554489e-02
1.397017461981879018e-02
1.658791702947443047e-02
8.200354922758114687e-03
1.596479224770518471e-02
1.444630382180624693e-02
1.592722468429258464e-02
1.062726214157765428e-02
1.460120394968760296e-02
1.651381827341161929e-02
1.601962710462694756e-02
1.670161459576384455e-02
1.010735481654601725e-02
1.452552285603565634e-02
1.193950152223423149e-02
1.095385936349326655e-02
1.480543034182381194e-02
1.276482028544199086e-02
1.111871453230946043e-02
1.270830364294553948e-02
1.567743106062869859e-02
1.022519036307906019e-02
1.137705239901966141e-02
1.428638850497292515e-02
