6.100000000000000000e+01
3.300000000000000000e+01
6.200000000000000000e+01
6.200000000000000000e+01
6.200000000000000000e+01
3.300000000000000000e+01
3.700000000000000000e+01
3.700000000000000000e+01
3.700000000000000000e+01
3.700000000000000000e+01
3.700000000000000000e+01
6.200000000000000000e+01
3.300000000000000000e+01
3.300000000000000000e+01
6.200000000000000000e+01
6.300000000000000000e+01
6.300000000000000000e+01
3.900000000000000000e+01
3.900000000000000000e+01
6.300000000000000000e+01
6.300000000000000000e+01
6.300000000000000000e+01
6.300000000000000000e+01
6.300000000000000000e+01
3.900000000000000000e+01
3.900000000000000000e+01
3.900000000000000000e+01
3.900000000000000000e+01
6.300000000000000000e+01
6.300000000000000000e+01
1.000000000000000000e+00
1.000000000000000000e+00
1.000000000000000000e+00
1.000000000000000000e+00
1.000000000000000000e+00
3.900000000000000000e+01
1.000000000000000000e+00
1.000000000000000000e+00
3.900000000000000000e+01
3.900000000000000000e+01
3.900000000000000000e+01
1.000000000000000000e+00
1.000000000000000000e+00
1.000000000000000000e+00
3.900000000000000000e+01
4.200000000000000000e+01
1.500000000000000000e+01
5.300000000000000000e+01
2.100000000000000000e+01
2.100000000000000000e+01
2.100000000000000000e+01
1.500000000000000000e+01
1.500000000000000000e+01
5.300000000000000000e+01
5.300000000000000000e+01
5.300000000000000000e+01
5.300000000000000000e+01
5.300000000000000000e+01
5.300000000000000000e+01
5.300000000000000000e+01
1.500000000000000000e+01
2.000000000000000000e+01
3.100000000000000000e+01
6.000000000000000000e+00
1.500000000000000000e+01
1.000000000000000000e+01
3.900000000000000000e+01
1.500000000000000000e+01
1.500000000000000000e+01
1.000000000000000000e+01
4.200000000000000000e+01
1.500000000000000000e+01
3.900000000000000000e+01
5.800000000000000000e+01
3.000000000000000000e+01
3.900000000000000000e+01
6.800000000000000000e+01
3.900000000000000000e+01
1.000000000000000000e+01
6.000000000000000000e+01
6.800000000000000000e+01
1.300000000000000000e+01
1.000000000000000000e+01
4.400000000000000000e+01
3.900000000000000000e+01
1.300000000000000000e+01
6.800000000000000000e+01
6.800000000000000000e+01
1.300000000000000000e+01
3.900000000000000000e+01
