1.324493170024549846e-02
1.628507433677114577e-02
1.463876252565322542e-02
1.154319162938859111e-02
1.330370504583667200e-02
1.677136421103010699e-02
1.542524226160030959e-02
1.333438189311354945e-02
1.064881689834195830e-02
1.311578931110274696e-02
1.602883401410859152e-02
1.334964304549130995e-02
1.227229718889849726e-02
1.309373157398790316e-02
1.403579181943023259e-02
1.778743154160587758e-02
1.389511108369000623e-02
1.105949038503600303e-02
1.506180212485369423e-02
1.370484678340528305e-02
1.574185057525687159e-02
1.353234761317965128e-02
1.392492783951758580e-02
1.561122561400732876e-02
1.137779573954587897e-02
1.699925162642255266e-02
1.445746208685027949e-02
1.791195910641997513e-02
1.291377366267106551e-02
1.547336988955036810e-02
1.349774537016390497e-02
1.139868686408377317e-02
1.082661014128792967e-02
1.122022500671659290e-02
1.296705849465961367e-02
1.562348721805027242e-02
1.935584251998712785e-02
1.620340386602726890e-02
1.491830641535599189e-02
1.709406727910414703e-02
1.218223298954446837e-02
1.486966432486933228e-02
1.405804169715892463e-02
1.455953925296588417e-02
1.614161265909971540e-02
1.475135952507880543e-02
1.202402457504382453e-02
1.079809173575674644e-02
1.426711607945134117e-02
1.691055131757741511e-02
1.459698704561876274e-02
1.113127056163932573e-02
1.472193465195810458e-02
1.350170012489534770e-02
1.335797587629435068e-02
1.152740314972576161e-02
1.447420161154086560e-02
1.411174688622029473e-02
1.413284907569362439e-02
1.504744644687471336e-02
1.481175740183155419e-02
1.866927899481981429e-02
1.586822374315476764e-02
1.453975416715706272e-02
1.643661741046043359e-02
1.704441026235022083e-02
1.349755744774294546e-02
1.527608030210786047e-02
1.404233955823959261e-02
1.299859482267887688e-02
