3.000000000000000000e+00
2.700000000000000000e+01
5.600000000000000000e+01
5.600000000000000000e+01
5.600000000000000000e+01
2.700000000000000000e+01
5.600000000000000000e+01
5.600000000000000000e+01
5.600000000000000000e+01
5.600000000000000000e+01
5.600000000000000000e+01
5.600000000000000000e+01
2.700000000000000000e+01
2.700000000000000000e+01
5.600000000000000000e+01
3.500000000000000000e+01
3.500000000000000000e+01
2.600000000000000000e+01
2.600000000000000000e+01
3.500000000000000000e+01
3.500000000000000000e+01
3.500000000000000000e+01
3.500000000000000000e+01
3.500000000000000000e+01
2.600000000000000000e+01
2.600000000000000000e+01
2.600000000000000000e+01
2.600000000000000000e+01
3.500000000000000000e+01
3.500000000000000000e+01
4.500000000000000000e+01
4.500000000000000000e+01
4.500000000000000000e+01
4.500000000000000000e+01
4.500000000000000000e+01
4.500000000000000000e+01
4.500000000000000000e+01
4.500000000000000000e+01
2.600000000000000000e+01
2.600000000000000000e+01
2.600000000000000000e+01
4.500000000000000000e+01
4.500000000000000000e+01
4.500000000000000000e+01
4.500000000000000000e+01
5.000000000000000000e+01
2.600000000000000000e+01
2.600000000000000000e+01
5.800000000000000000e+01
5.800000000000000000e+01
5.000000000000000000e+01
2.600000000000000000e+01
2.600000000000000000e+01
2.600000000000000000e+01
2.600000000000000000e+01
2.600000000000000000e+01
2.600000000000000000e+01
2.600000000000000000e+01
2.600000000000000000e+01
2.600000000000000000e+01
5.000000000000000000e+01
5.000000000000000000e+01
2.200000000000000000e+01
1.700000000000000000e+01
5.000000000000000000e+01
2.400000000000000000e+01
7.000000000000000000e+00
5.000000000000000000e+01
5.000000000000000000e+01
2.400000000000000000e+01
5.000000000000000000e+01
5.000000000000000000e+01
7.000000000000000000e+00
2.200000000000000000e+01
2.200000000000000000e+01
2.100000000000000000e+01
4.300000000000000000e+01
2.100000000000000000e+01
2.400000000000000000e+01
3.000000000000000000e+00
4.300000000000000000e+01
4.300000000000000000e+01
2.400000000000000000e+01
2.500000000000000000e+01
2.100000000000000000e+01
4.300000000000000000e+01
4.300000000000000000e+01
4.300000000000000000e+01
2.100000000000000000e+01
2.100000000000000000e+01
