1.477274246317212929e-02
1.374162868466231521e-02
1.351682826735439019e-02
1.570013421486497057e-02
1.353179160376476349e-02
1.295671033176465370e-02
2.056971614615031585e-02
1.599148014280254299e-02
1.542752753016717396e-02
9.910418617693705912e-03
1.455417182041095214e-02
1.045842529251519992e-02
1.692872872886342500e-02
1.204829194650651816e-02
1.093640423375227128e-02
1.219495124755988306e-02
1.355853254120449256e-02
1.600757971174126409e-02
1.278892122948474715e-02
1.544622419692719822e-02
1.581556616620884495e-02
1.165345654152642567e-02
1.472072941284680372e-02
1.219055582521005529e-02
1.327654119826029294e-02
1.593751864691598727e-02
1.824147085454799408e-02
1.236532075894252944e-02
1.307730135628916261e-02
1.263785587814295758e-02
1.531446740093511671e-02
1.873791395189800327e-02
1.354430195925193821e-02
1.326284832252094814e-02
1.977119173388831516e-02
1.425153996643941517e-02
1.385927580241943548e-02
1.105274679010341890e-02
1.288672655559835491e-02
1.440457281650826295e-02
9.993410543882504452e-03
1.336902240276079297e-02
1.531243384037481170e-02
1.398161701638876708e-02
1.600108717258105773e-02
1.835290113015725436e-02
1.598199309375420915e-02
1.761975546373798981e-02
2.049277578144900053e-02
1.744450196670851647e-02
1.559515801209965420e-02
1.180413382308593585e-02
1.734197327456751467e-02
1.304036489197191520e-02
1.422457740544609724e-02
1.426560904809089612e-02
1.741290723811367985e-02
1.307793912065388121e-02
1.076701817380623302e-02
1.460156329078186009e-02
1.241343022212833790e-02
1.386398515625669910e-02
1.134701831393141076e-02
1.331009356138937970e-02
1.309395750360894256e-02
1.218892147881802182e-02
1.303066917867026948e-02
1.615668618043554147e-02
1.289891479330628789e-02
1.297247003122547690e-02
