1.218597291175960856e-02
1.693771663279768080e-02
1.180941736218880760e-02
2.022947569119050090e-02
1.153947814439757781e-02
1.394252039434085676e-02
1.169743081270582970e-02
1.495649724715258228e-02
1.174225414701804242e-02
1.174265349842270982e-02
1.383299483464069807e-02
1.786441322391434799e-02
1.595743410416830196e-02
1.445755387191317853e-02
1.379889240757254179e-02
1.370803576456584676e-02
1.597008158234689348e-02
1.196580088747995277e-02
1.357872274680569855e-02
1.461254093637987667e-02
1.052979296305908696e-02
1.203845228196640492e-02
1.534576676025828541e-02
1.906037138328525726e-02
1.313509832168991733e-02
1.672971388159488065e-02
1.787542113545199929e-02
1.387674131371773728e-02
1.491081015198446325e-02
1.403448851466257939e-02
1.460104065901841539e-02
1.444792055662291047e-02
1.444821176924381174e-02
1.559894356323379694e-02
1.317969182477252837e-02
1.428229376073263460e-02
1.760302944895546229e-02
1.838178464148228913e-02
1.692177395725964067e-02
1.391242975759802124e-02
1.324806956400144398e-02
1.344065693332534804e-02
1.402262283212909674e-02
1.332161192658705244e-02
1.402993036201093807e-02
1.513676515460209149e-02
1.307160435647126973e-02
1.553440951988187095e-02
1.471977073149735062e-02
1.369458839258361725e-02
1.393223730456067191e-02
1.302458920422839075e-02
1.761380665067964826e-02
1.234885544098126772e-02
1.367353739095807791e-02
1.188608739272899693e-02
1.232926666361402850e-02
1.795526881143609185e-02
1.552608634938691147e-02
1.048124438852108403e-02
1.650853018669291156e-02
1.397242377333147295e-02
1.372109414865171906e-02
1.163059603438985727e-02
1.657217568202706132e-02
1.303328257375588675e-02
1.209432211177118195e-02
1.363485511971497879e-02
1.317117737359227436e-02
1.322686977753590766e-02
