1.759570316011342672e-02
1.388018159980793087e-02
1.532930288291358377e-02
1.333860185004520291e-02
1.274749641638407011e-02
1.481074945245161242e-02
1.592282709288622700e-02
1.395974038866380253e-02
1.454514952236671960e-02
1.441151067769915611e-02
1.226648404093139653e-02
1.461161803499881791e-02
1.645365237983595352e-02
1.567756891296702426e-02
1.656394795062104616e-02
1.593850180725813956e-02
1.261778360285295726e-02
1.403137918686473556e-02
1.536670659131712628e-02
1.554561201330386527e-02
1.451640576153021001e-02
1.392082079805355942e-02
1.410956471471272976e-02
1.500975167678461099e-02
1.160440036693942412e-02
1.124021418758544728e-02
1.261564052589657196e-02
1.061274061314543445e-02
1.894610243631522292e-02
1.237985966238218556e-02
1.357722986096506802e-02
1.629230949018478647e-02
1.672289076330433361e-02
1.601717735394875275e-02
1.425684100767325366e-02
1.481853411851897021e-02
1.535766090946708712e-02
1.267274404660043673e-02
1.551653981493942951e-02
1.501359057319708902e-02
1.451992327600147223e-02
1.307506737708712639e-02
1.417177476777798859e-02
1.814238840211142983e-02
1.468748945331189298e-02
1.150886729479726374e-02
1.204848991354200323e-02
1.589090534596066667e-02
1.232554713411527017e-02
9.947475514289006240e-03
1.329948691231113735e-02
1.283848163360274200e-02
1.356229396000264119e-02
1.807918627040461246e-02
1.579671826330739104e-02
1.523369990920965013e-02
1.368329661047223457e-02
1.554095445494768114e-02
1.830522173129416411e-02
1.548049551161610228e-02
1.522986958958626874e-02
1.003186849400702907e-02
1.126204624649648940e-02
1.354586499763285254e-02
1.456321998871439559e-02
1.219488715519568417e-02
1.031877412485273683e-02
1.455582582310742563e-02
1.305789140536660516e-02
1.628645219245062822e-02
