1.116793445633145095e-02
1.463537938567551974e-02
1.460161255889737275e-02
1.316029390511547215e-02
1.410156015233112771e-02
1.266815258745425908e-02
1.294947332547603108e-02
1.219129336953627199e-02
1.266958923169492733e-02
1.361484824160145990e-02
1.688734264158919113e-02
1.204488131221862803e-02
1.291140445583257960e-02
1.555160003144038551e-02
1.311212400510397558e-02
1.234474168190990116e-02
1.725931448250129022e-02
1.758668883003357969e-02
1.367168008369369289e-02
1.528109927690673824e-02
1.159312430935893409e-02
1.364470604699492134e-02
1.711528774354843102e-02
1.794356945836903319e-02
2.097785596354194426e-02
8.720029667828145883e-03
1.348657464762288011e-02
1.386568892758357346e-02
1.302912572814927082e-02
1.394837438776388994e-02
1.427020758186809887e-02
1.256709761484591480e-02
1.267386177298476975e-02
1.454215647764669876e-02
1.734130100205697259e-02
1.411589246494497282e-02
1.524948396442607490e-02
1.577720104142546140e-02
1.454657370431458770e-02
1.059493000836021943e-02
1.648351546324727801e-02
1.678896713394641832e-02
1.866420746901987712e-02
1.137580797678185499e-02
1.255890994255852433e-02
1.839453558170303996e-02
1.439345520114824854e-02
1.643645772196247051e-02
1.627664319353351249e-02
1.233712585895741648e-02
1.421580670542750384e-02
9.678432486880082092e-03
1.049607758261978177e-02
1.528922783473331617e-02
1.349232210923691742e-02
1.557693895742623402e-02
1.841399819980082952e-02
1.264996375874007442e-02
1.274027152408484416e-02
1.512715835864717612e-02
1.417744569186398483e-02
1.757936683495773394e-02
1.356085342935450279e-02
1.527831120121275407e-02
1.338811544688283707e-02
1.656451975156809919e-02
1.232698304722720274e-02
1.805729856914237499e-02
1.220390326484102964e-02
1.105932317351539934e-02
