1.038151037897649953e-02
1.581949220734935740e-02
1.325172694218523101e-02
1.079881707705389500e-02
1.264707910264989583e-02
1.786820797260777610e-02
1.551932008239577214e-02
1.345902625888534439e-02
1.176432097146038608e-02
7.547357730371006927e-03
1.766533898207560405e-02
1.521607660751000263e-02
1.441118989830679487e-02
1.664198086353213188e-02
1.489960021508193559e-02
1.702934135167966448e-02
1.603140154056042696e-02
1.442514429097405300e-02
1.377895041018247467e-02
1.701216983083643497e-02
1.679310182296369844e-02
1.404317777847045867e-02
1.749499528019110225e-02
1.309864671776719489e-02
1.253702119130673670e-02
1.436922546754306786e-02
1.373255598155589431e-02
1.094488951785392919e-02
1.449666302988895927e-02
1.276391639073226787e-02
1.270543880475474667e-02
1.565589189851785204e-02
1.660822569253417660e-02
1.433431732533217880e-02
1.259396610675332824e-02
1.913013306179117343e-02
1.536234397679710900e-02
2.104500242459714926e-02
1.101867792108232255e-02
1.196489801407278272e-02
1.521507351399878534e-02
1.418897409351704657e-02
1.348066015568648995e-02
1.753261566792947007e-02
1.438462542204854873e-02
1.512095402080876859e-02
1.499102115984081614e-02
9.983942341062925288e-03
1.667799306076332352e-02
1.230253379676048316e-02
1.358547141201301052e-02
1.276775115627493649e-02
1.237927372559106780e-02
1.421160607532255017e-02
1.391648075865381008e-02
1.284385489942521490e-02
1.430944529053579557e-02
1.384593098013066174e-02
1.423313036446185315e-02
1.484012499692338727e-02
1.521899070247296863e-02
1.343574529839795459e-02
1.480716375342494215e-02
1.255189463613125452e-02
1.372298159430957246e-02
1.135305970604686548e-02
1.554469929849822650e-02
1.317177969016175912e-02
1.313275029696278802e-02
1.938833101266383349e-02
