1.107501989529363108e-02
1.663000328434904168e-02
1.432462529876534808e-02
1.695422992221274142e-02
1.569497753594502679e-02
1.384122493226392324e-02
1.366307607873354195e-02
1.678427226992234428e-02
1.890299505615212691e-02
1.460520309814690790e-02
1.289895496293661653e-02
1.426615949061045205e-02
1.285672096519320691e-02
1.456071640091768926e-02
1.216023298954137764e-02
1.125889598275556409e-02
1.434229925743389644e-02
1.010329936619440254e-02
1.326201218543346383e-02
1.861487605507619603e-02
1.313548491476001882e-02
1.760707552907485318e-02
1.760773724481918406e-02
1.406474767432884694e-02
1.590778237679330021e-02
1.310705779236373200e-02
1.237752706058761233e-02
1.381959934443791234e-02
1.147601721686226581e-02
1.012407855918506967e-02
1.274846393393510788e-02
1.585023075996298478e-02
1.463258491220673606e-02
1.343780993561508041e-02
1.354889266998430229e-02
1.896018828946469809e-02
1.227778177213762964e-02
1.413684157476593692e-02
1.464153795252933626e-02
1.322053046258638356e-02
1.196854149578398946e-02
1.490327810110145777e-02
1.524695149452204822e-02
1.489250031202288792e-02
1.235780985247625016e-02
1.781181960850095058e-02
1.625465826384586004e-02
1.521385065271920259e-02
1.460138093353884232e-02
1.373619536384041578e-02
1.634797645090544163e-02
1.659378222324507657e-02
1.401010198476481360e-02
9.897105118112823133e-03
1.625050592839008545e-02
1.314533652985150347e-02
1.354526186348952409e-02
1.392109083734093151e-02
1.145286020182231454e-02
1.463328027647992600e-02
1.452926607817946712e-02
1.462628481872158513e-02
1.572462490114234779e-02
1.710700333889642391e-02
1.241835616287204243e-02
1.579064334853200885e-02
1.307878264484207444e-02
1.484180088550261095e-02
1.440033632709875923e-02
1.121684899717967365e-02
