1.449744572813258664e-02
1.608843022896448011e-02
1.454995915244958540e-02
1.672155285971682268e-02
9.853620654437778709e-03
1.334225824333424258e-02
1.309737968127333042e-02
1.334881406459818495e-02
1.404311020872790750e-02
1.304453859441927731e-02
1.636833969237309200e-02
1.327828277531513564e-02
1.395112528889533299e-02
2.040998399442039285e-02
1.528794005451170751e-02
1.522945372923609729e-02
1.770062068419306356e-02
1.336342592460579987e-02
1.232617344310299456e-02
1.498839015444198425e-02
9.597098301958505162e-03
1.375987010170568424e-02
1.801956538697293067e-02
1.402872792694892339e-02
1.861451401467384761e-02
1.312756434468852554e-02
1.275478684603057779e-02
1.420392510732356589e-02
1.295122836693590046e-02
1.273826634771201699e-02
1.215964422807998095e-02
1.546071928531137472e-02
1.273525419673826597e-02
1.211134623363940149e-02
1.295359526479902650e-02
1.518011180814696215e-02
1.117820537111803916e-02
1.880675712916494990e-02
1.392330105096823908e-02
1.269705823642029198e-02
1.610606705098260524e-02
1.423603320283918332e-02
1.378350490292244365e-02
1.273416937750672905e-02
1.306535763602012165e-02
1.593121738252771188e-02
1.592468409402648596e-02
1.884603033267811742e-02
1.252155339930571126e-02
1.545582566303409060e-02
1.707516513759761712e-02
1.491919364153379036e-02
1.465451875357392728e-02
1.080010875004708791e-02
1.596776112066693176e-02
1.252816132830271781e-02
1.236180944472282939e-02
1.124412924760855546e-02
1.507256607253145211e-02
1.448688804633876254e-02
1.128585884072031212e-02
1.448065411432251232e-02
1.668450554524079574e-02
1.422917840100727110e-02
1.031205713908371797e-02
1.911886367077767282e-02
1.213487849933406366e-02
1.396800330377959316e-02
1.844045089118786715e-02
1.313842030329248275e-02
