5.600000000000000000e+01
2.400000000000000000e+01
2.400000000000000000e+01
2.400000000000000000e+01
2.400000000000000000e+01
2.400000000000000000e+01
2.400000000000000000e+01
2.400000000000000000e+01
2.400000000000000000e+01
2.400000000000000000e+01
2.400000000000000000e+01
2.400000000000000000e+01
2.400000000000000000e+01
2.400000000000000000e+01
2.400000000000000000e+01
4.400000000000000000e+01
4.400000000000000000e+01
6.000000000000000000e+00
6.000000000000000000e+00
4.400000000000000000e+01
4.400000000000000000e+01
4.400000000000000000e+01
4.400000000000000000e+01
4.400000000000000000e+01
6.000000000000000000e+00
6.000000000000000000e+00
6.000000000000000000e+00
6.000000000000000000e+00
4.400000000000000000e+01
4.400000000000000000e+01
4.100000000000000000e+01
4.100000000000000000e+01
4.100000000000000000e+01
4.100000000000000000e+01
4.100000000000000000e+01
4.100000000000000000e+01
4.100000000000000000e+01
4.100000000000000000e+01
6.000000000000000000e+00
6.000000000000000000e+00
6.000000000000000000e+00
4.100000000000000000e+01
4.100000000000000000e+01
4.100000000000000000e+01
4.100000000000000000e+01
6.000000000000000000e+01
6.000000000000000000e+00
6.000000000000000000e+00
2.300000000000000000e+01
2.300000000000000000e+01
4.100000000000000000e+01
4.100000000000000000e+01
4.100000000000000000e+01
6.000000000000000000e+00
6.000000000000000000e+00
6.000000000000000000e+00
6.000000000000000000e+00
6.000000000000000000e+00
6.000000000000000000e+00
6.000000000000000000e+00
6.000000000000000000e+01
6.000000000000000000e+01
6.000000000000000000e+01
5.900000000000000000e+01
4.100000000000000000e+01
6.600000000000000000e+01
3.400000000000000000e+01
4.100000000000000000e+01
4.100000000000000000e+01
6.600000000000000000e+01
6.000000000000000000e+01
4.100000000000000000e+01
3.400000000000000000e+01
3.000000000000000000e+00
3.000000000000000000e+00
3.400000000000000000e+01
4.300000000000000000e+01
3.400000000000000000e+01
6.600000000000000000e+01
5.800000000000000000e+01
4.300000000000000000e+01
5.600000000000000000e+01
6.600000000000000000e+01
5.600000000000000000e+01
3.400000000000000000e+01
3.400000000000000000e+01
4.300000000000000000e+01
4.300000000000000000e+01
3.400000000000000000e+01
3.400000000000000000e+01
