1.168359166302796077e-02
1.968922510896328054e-02
1.016301679318185741e-02
1.210352020034518618e-02
1.246419710859849976e-02
1.469772224776686419e-02
2.008042906862044646e-02
1.305516837036348708e-02
1.724598255726522700e-02
1.177823193292319714e-02
1.320518880291533803e-02
1.552060969589774860e-02
1.288761139950239665e-02
1.720395323647934752e-02
1.343370488094479918e-02
1.376197166337085782e-02
1.518680480394670775e-02
1.578338519847374485e-02
1.355786370778807627e-02
1.243793384370062496e-02
1.972520495729868095e-02
1.609378422439674064e-02
1.197779211649144075e-02
1.236780574228841557e-02
1.907605816829097481e-02
1.650364183457654621e-02
1.154495648706102204e-02
1.544484578837453624e-02
1.252683579202722164e-02
1.459080571989330999e-02
1.168143484630684847e-02
1.400226301059111569e-02
1.374357593302700034e-02
1.238228359384536958e-02
1.144693686489382627e-02
1.391888476498062341e-02
1.412956858841565855e-02
1.656063011355509568e-02
1.364535109348910362e-02
1.038602083252405245e-02
1.084730054573527017e-02
1.718245905257352601e-02
1.502024439807879766e-02
1.607435413002428204e-02
1.431131119976665651e-02
1.426266044352650711e-02
1.360590660801996345e-02
1.479797121432861913e-02
1.051057954809629831e-02
1.663979883418593986e-02
1.391403664842352263e-02
1.495612715908906792e-02
1.319054295402666624e-02
1.259265576748972749e-02
1.365927595840029513e-02
1.314127265221603710e-02
1.551963100799894427e-02
1.823230762049862785e-02
1.545227105370366137e-02
1.473626585667264788e-02
1.359273449626377528e-02
1.188819056246124585e-02
1.159957652207283148e-02
1.658346540764176272e-02
1.478935038896892797e-02
1.387855093337512363e-02
1.466202787917788956e-02
1.605155155607989118e-02
1.345876724355858992e-02
1.716001960114115626e-02
