1.578254946432753811e-02
1.782297824288279695e-02
1.658237669897862088e-02
1.251454034783381145e-02
1.581851898412015706e-02
1.467420106661513311e-02
1.395778870325668601e-02
1.827108100196374318e-02
1.305626110974664709e-02
1.587777926588705701e-02
1.463508922217234172e-02
1.349455348303118217e-02
1.190986451037887375e-02
1.339736033257371908e-02
1.560537473945962893e-02
1.598477883763575746e-02
1.113579894917714197e-02
1.353559579363570325e-02
1.128189630549172179e-02
1.218942438913067292e-02
1.378616836912811665e-02
1.607733314118844903e-02
1.449134772856186353e-02
1.651804865621018734e-02
1.330477211140725091e-02
1.471460286654454643e-02
1.497745854035750258e-02
1.858051379860149385e-02
1.557669419214553590e-02
9.606338058856318113e-03
1.532078180895660342e-02
1.442333131924585995e-02
1.627372327938387403e-02
1.234985159412264367e-02
1.340422458005818655e-02
1.268478116359494576e-02
1.450051989037541393e-02
1.507526380285781689e-02
1.865458510533265016e-02
1.374879592134987082e-02
1.560195012384729338e-02
1.652009951506772448e-02
1.829093197926568229e-02
1.495256207243035075e-02
1.054776279748906656e-02
1.135183478812561153e-02
1.481621051522818804e-02
1.344155190719105789e-02
1.182120542142056467e-02
1.327553639287310829e-02
1.596844117987913231e-02
1.138769949282998628e-02
1.338986269599522910e-02
1.228145007460904568e-02
1.083724294822794101e-02
1.778397729990882289e-02
1.252300039229498757e-02
1.567431467241858431e-02
1.880704185731983669e-02
1.616968699244541660e-02
1.450223462516481328e-02
1.195535849453750570e-02
1.283826344621206983e-02
1.252034068834671776e-02
1.654762701773738326e-02
1.536951381974615595e-02
1.522133972564268176e-02
1.005005241371138662e-02
1.138865899236992697e-02
1.256730028108551077e-02
