1.518208507130679695e-02
1.598886611635477045e-02
1.632177893870459182e-02
1.789919047174960351e-02
1.569814809608710560e-02
1.323309526734917432e-02
1.471457357127040587e-02
1.574209852239039434e-02
1.933529228979670098e-02
1.445761887953186768e-02
1.337179164412082011e-02
1.392412030409972794e-02
2.061295189776948464e-02
1.523517063759690336e-02
1.830145341079016455e-02
1.559179067374532116e-02
1.515492848860595411e-02
1.362977997867986617e-02
1.227068196210457339e-02
1.600339730351424405e-02
1.379296406519388458e-02
1.478505890044829602e-02
1.517066589005326531e-02
1.111706490177079287e-02
8.883048376677301489e-03
1.473376517531894796e-02
1.491177424686374216e-02
1.129070902633218243e-02
9.341607036996464955e-03
1.549405740259479636e-02
1.284517595402689255e-02
1.601493664954210458e-02
1.416625300334931059e-02
1.437131803971565189e-02
1.536478820400448940e-02
1.402378904960662441e-02
1.497107813068041839e-02
1.265737029919085724e-02
1.171075420916732265e-02
1.148887386829403404e-02
1.405289701067576232e-02
1.317873906139990781e-02
1.312983177067971602e-02
1.711539189048907547e-02
1.859626812185913303e-02
1.502027794348811951e-02
1.196864154094408675e-02
1.264587394676825599e-02
1.074891670544820405e-02
1.678377051638318962e-02
1.756314602118286966e-02
1.432011118673193369e-02
1.552865686637529274e-02
1.450896307289910314e-02
1.626178598461026914e-02
1.399415883629079142e-02
1.522354499429736698e-02
1.368480046904118307e-02
1.226321842927983151e-02
1.061233271304819897e-02
1.376523999497595609e-02
1.175935215562732075e-02
1.533441709580602060e-02
1.240972399077085869e-02
1.520590085507823354e-02
1.842556764035346850e-02
9.494046744827129569e-03
1.085681972867343775e-02
1.138629412119436177e-02
1.435744463540478133e-02
