1.814457983034523103e-02
9.841715145338646512e-03
1.627840329022441773e-02
1.487575766214092529e-02
1.300950858481339685e-02
1.159763455709209024e-02
1.377089276231669053e-02
1.227397744920165346e-02
1.211543288223035537e-02
1.484433036439622607e-02
1.625348347992827333e-02
1.366123715571453991e-02
1.630338766271581877e-02
1.640800820437177468e-02
1.431810249561787235e-02
1.332563986502927761e-02
1.478316359342193506e-02
1.370453596307380333e-02
1.371996600844298600e-02
1.241966678287611398e-02
1.323625875403649371e-02
1.233343007110020324e-02
1.615049772966883554e-02
1.511577479651032146e-02
1.355564247527881773e-02
1.672119271432471327e-02
1.300869390666031973e-02
1.340209471618884936e-02
1.413926741323500054e-02
1.614214073015471720e-02
1.738123657793838595e-02
1.118579227355809801e-02
1.015269347151251389e-02
1.417769942265770938e-02
1.348163536656240939e-02
1.137201920222700134e-02
1.435219412155187661e-02
1.707428784825691659e-02
1.156415750937957870e-02
1.015287112054881133e-02
1.164210943663654928e-02
1.269363136665905591e-02
1.375414335396957580e-02
1.351432271173709856e-02
1.364651708426129449e-02
1.419695577672007783e-02
1.768971614271823423e-02
1.543611787971989509e-02
1.643378268291129096e-02
1.796368559800433362e-02
1.758574509321902610e-02
1.658917351575690813e-02
1.145805691400533441e-02
1.354573261304023099e-02
1.425201486168339686e-02
1.449127457409722479e-02
1.477888625518803366e-02
1.514772545410366517e-02
1.476221482232707889e-02
1.854718913573507114e-02
1.536847485876982784e-02
1.536536353489930708e-02
1.556926806467956795e-02
1.140847383592765753e-02
1.358095879204920114e-02
1.808606655053066753e-02
1.395160137887277961e-02
1.285402652992490707e-02
1.422232847117941776e-02
1.511543875002985433e-02
