1.247543036301729594e-02
1.327109688058358307e-02
1.075988049146734543e-02
1.416006106980836898e-02
1.191294650556814876e-02
1.234655457678343095e-02
1.530487561188154447e-02
1.310592658178352798e-02
1.222942738221879759e-02
1.177972975236188727e-02
1.181576486676041288e-02
1.408938986156113571e-02
1.604165875275088970e-02
1.398853295642115031e-02
1.915634958828662041e-02
1.518912416152592461e-02
1.414859666850199968e-02
1.558556209935271601e-02
1.139052902741507535e-02
1.237941321151012422e-02
1.499512919928026704e-02
1.608015586885330403e-02
1.427451360578227586e-02
1.768626146121295151e-02
1.779763819247029422e-02
1.312147742464368598e-02
1.634890204325635532e-02
1.625268049883706392e-02
1.681832809691301972e-02
1.204141631662476036e-02
1.573769239480927659e-02
1.663532177915951274e-02
1.543216930095905708e-02
1.272376906902081967e-02
1.554273919128297023e-02
1.429729159538194357e-02
1.205985531656048743e-02
1.297511420127221357e-02
1.726964581473272586e-02
1.510391923129599315e-02
1.582412803504226056e-02
1.381846924182145685e-02
1.950076268782947181e-02
1.453191320600986935e-02
1.436531352487555209e-02
1.598174728123008884e-02
1.217626643906399159e-02
1.348101703849802734e-02
1.375910824144033207e-02
1.520731203802017963e-02
1.468970391200685212e-02
1.257140481716043610e-02
1.276589012820644395e-02
1.704414579237008287e-02
1.390358541392934522e-02
1.246834093786788542e-02
1.244140045000956089e-02
1.582414198774552763e-02
1.125986838397205828e-02
1.535811408902620911e-02
1.057913406062267227e-02
1.460230220676612609e-02
1.581185552481043782e-02
1.386107199903437864e-02
1.269807132192263092e-02
1.190545918497951799e-02
1.388065812415986179e-02
1.583480444052317790e-02
1.466011190636692593e-02
1.486902657277978587e-02
