1.681372014083402228e-02
1.527547407518127162e-02
1.410169667318898062e-02
1.236649936676899320e-02
1.793524678081430748e-02
1.176184207498471440e-02
1.278751242965034916e-02
1.636591644857061933e-02
1.616445883906030348e-02
1.330107184082969345e-02
1.210608431573567158e-02
1.441173797993734219e-02
1.432223724552419107e-02
1.391953499350515738e-02
1.545822105590697638e-02
1.553358713887543346e-02
1.099117044061663148e-02
1.223152306357232384e-02
1.293319998718090932e-02
1.410398004108011014e-02
1.321836280550025070e-02
1.823675542597466212e-02
1.752955957436022963e-02
1.397921596986635186e-02
1.234228132434188330e-02
1.401194856928756477e-02
1.390988499396689920e-02
1.815592019968320994e-02
1.849973876606793299e-02
1.230377695045397311e-02
1.481063598376770526e-02
1.506755416686085362e-02
1.467332616079213350e-02
1.122093497735597752e-02
1.474351852720603290e-02
1.048928924917008274e-02
1.399495435322838273e-02
1.225809658609866223e-02
1.649116023918244592e-02
1.486774912013889144e-02
1.372944184236207441e-02
1.736565099562642836e-02
1.335173735350158458e-02
1.266703265243733847e-02
1.403404358631833194e-02
1.308632085092506676e-02
1.222536574824450301e-02
1.408274938957592391e-02
1.629541705489670825e-02
1.694459420289094048e-02
1.724808186910072386e-02
1.649265122569292669e-02
1.469072893382322373e-02
1.301509697373853802e-02
1.504189328351351711e-02
1.615553725502494320e-02
1.598735740782481971e-02
1.495845738096078341e-02
1.302399722920383023e-02
1.416736628511665493e-02
1.165468625821337173e-02
1.739657070946284967e-02
1.105024305513384840e-02
1.453323385823704524e-02
1.612100770464127211e-02
1.260912398001766584e-02
1.075338335859675302e-02
1.107616648620633922e-02
1.368755229273251744e-02
1.286513190085700371e-02
