1.684708095299361497e-02
1.128483093834988307e-02
1.522517449963072672e-02
1.436824009394793537e-02
1.186126605372797051e-02
1.410417166572805470e-02
1.001596757430112811e-02
1.661589220943125375e-02
1.502143350166204420e-02
1.354508872666113604e-02
1.354934067964220536e-02
1.787527686775707350e-02
1.591090298694232408e-02
1.318879293090599591e-02
1.651613374684303762e-02
1.618199478105408415e-02
1.459969621156060639e-02
1.307032213614445042e-02
1.517181030961319531e-02
1.287323607921099337e-02
1.443011069615277031e-02
1.492757687576687017e-02
1.280611296695335216e-02
1.555105556337047640e-02
1.281313868428880440e-02
1.285320065505584329e-02
1.242155914166530144e-02
1.303670312254810379e-02
1.344790151287649643e-02
1.255756682290216052e-02
1.480960633077525908e-02
1.589080164341041129e-02
2.074686514896765741e-02
1.437827864101848263e-02
1.232427368405140597e-02
1.551077745642575126e-02
1.317765117063976824e-02
1.213947862589770735e-02
1.039079890474511880e-02
1.181136771003796389e-02
1.548650273191742172e-02
1.258811284225290483e-02
1.510635767700238205e-02
1.373260282286869853e-02
1.338833498967469116e-02
1.477576320622585836e-02
1.228305518541534212e-02
1.515616436868617162e-02
1.697380727449815732e-02
1.285665270214860802e-02
1.366607619164333584e-02
1.533978393957547218e-02
2.146024652382738998e-02
1.548341711555887949e-02
1.508273297595180001e-02
9.526513521029292969e-03
1.100225373699596949e-02
1.693147744493706669e-02
1.365043560514421842e-02
1.271802759208049208e-02
1.150160799235019210e-02
1.256274335893517273e-02
1.379856196507671731e-02
1.646805746201537163e-02
1.845829643204362561e-02
1.605494411213917103e-02
1.357842340800448355e-02
1.481675394485225741e-02
1.300316676651458621e-02
1.869764780697696915e-02
