1.308093405581522289e-02
1.260822437246441469e-02
1.621238222891421485e-02
1.620770294106285009e-02
1.671734774196888262e-02
1.506977972126489866e-02
1.233826513940678056e-02
1.383876301061618026e-02
1.599789270017113949e-02
1.316190054380040123e-02
1.557708327629393243e-02
1.580013682981714837e-02
1.104864274407748453e-02
1.665235041906280161e-02
1.159481638293007565e-02
1.413427200371336276e-02
1.612156014476008592e-02
1.461178684277316189e-02
1.357613318035662785e-02
1.513983945558634685e-02
1.261759623871297996e-02
1.931728564745684509e-02
1.777185885969525397e-02
1.578979997856910095e-02
1.428202520828289641e-02
1.885506532175176830e-02
1.274403936348927902e-02
1.566048716913628208e-02
1.430570441292502819e-02
1.538731448149355426e-02
1.387711061900629046e-02
1.520592600218777408e-02
1.414989708701710168e-02
1.291447076354636236e-02
1.191802396619569618e-02
1.619723546066955885e-02
1.317583705436047720e-02
1.841927093992872314e-02
1.312328698258656730e-02
1.478121717593412938e-02
1.665315768282449316e-02
9.077443729740709844e-03
1.119222077828670690e-02
1.617210197495820914e-02
1.483654243385780329e-02
1.202823623751454914e-02
1.347679962539165277e-02
1.267966361595162378e-02
1.399141132038030956e-02
1.329528372994400950e-02
1.656809105027678627e-02
1.271145983885104205e-02
1.335788840595463628e-02
1.075026879503981209e-02
1.200503102502412274e-02
1.325971330831304806e-02
1.257603940728223638e-02
1.317383892494277883e-02
1.442303255574160260e-02
1.338359450870616960e-02
1.472939871032820543e-02
1.837015977508556913e-02
1.106866666367894644e-02
1.029000277620767227e-02
1.678174577629987924e-02
1.507636141925076945e-02
1.328130112121924701e-02
1.277453458240297539e-02
1.534360351743591436e-02
1.668914024130732990e-02
