1.336586435272345795e-02
1.537725412682315607e-02
1.424932417216794901e-02
1.252124896592982962e-02
1.670169702702644157e-02
1.247846146642807644e-02
1.383879774038919430e-02
1.212345155668883602e-02
1.345447769902846993e-02
1.675708877531632487e-02
1.510128566979151987e-02
1.255132217368557998e-02
1.663009452395166482e-02
1.344693322545928958e-02
1.600652773753368646e-02
1.203473921295182374e-02
1.610570165534000453e-02
1.614973179524609864e-02
1.632339937243201464e-02
1.577612562010979533e-02
1.494973138133833500e-02
1.143601991832644479e-02
1.223588473941515826e-02
1.413692131603849073e-02
1.373913362906189345e-02
1.279764402755547738e-02
1.664642175317614103e-02
1.298576054232680049e-02
1.195560436125107928e-02
1.477230712968045229e-02
1.450416640731644162e-02
1.244723005927367634e-02
1.648102504327979625e-02
1.849904030404082855e-02
1.121190868351814446e-02
1.730865498568636557e-02
1.654116811718079824e-02
1.984210820137842154e-02
1.220993171819861542e-02
1.190367069879718666e-02
1.262507134712773441e-02
1.605153795823085691e-02
1.331478057893755763e-02
1.261555008882771570e-02
1.415546524576244761e-02
1.350414403050852891e-02
1.376191135704089158e-02
1.379562535225887544e-02
1.358099701656626662e-02
1.248680016470548985e-02
1.438161731537005231e-02
1.392015085352229196e-02
1.578374924164216431e-02
1.278071208264091457e-02
1.398440250380397418e-02
1.297689142545546334e-02
1.488936157311399923e-02
1.605872384809922671e-02
1.476211635508901249e-02
1.686082514305133756e-02
1.598031254834313131e-02
1.551316916147339915e-02
1.461343872060343572e-02
1.269042850610182897e-02
1.197167980632335774e-02
1.269746575580157910e-02
1.323256100132056724e-02
1.431120463174348836e-02
1.740050389921178609e-02
1.170094260145882435e-02
