1.331578743628337828e-02
1.641849776203303454e-02
1.533401523561935681e-02
1.404424992350774594e-02
1.361825139661988239e-02
1.617022554429350598e-02
1.100726760988900328e-02
1.953327643634859140e-02
1.230395043176983096e-02
1.185129496984588943e-02
1.559614264072506536e-02
1.402202629730726208e-02
1.438523654953409621e-02
1.143666700158992890e-02
1.543147684476405858e-02
1.171687294125816660e-02
1.355430714873154772e-02
1.391963938745916299e-02
1.388503662917124452e-02
1.361303381957525496e-02
1.455132401143687318e-02
1.732291480944898182e-02
1.318675953849386857e-02
1.419165754216115093e-02
9.853716974292017067e-03
1.268154577738075245e-02
1.297091748831724276e-02
1.552047519362139728e-02
1.061576691683956478e-02
1.448811493399268860e-02
1.452944512123394843e-02
1.262458059835564958e-02
1.180218939553128420e-02
1.533467400893991257e-02
1.865286068222306651e-02
1.980527106656077008e-02
1.564725523198552334e-02
1.931351525543782005e-02
1.733554773421610434e-02
1.224393320972175063e-02
1.722462854698123685e-02
1.513189553358456826e-02
1.320004834001811851e-02
1.755086497234815274e-02
1.536254294389165914e-02
1.384115268500128205e-02
1.793354091132092279e-02
1.337455533375011760e-02
1.385736782139896164e-02
1.162863900880372128e-02
1.516059455621117380e-02
1.267273633279938569e-02
1.407991897403165424e-02
1.103913705751044007e-02
1.101263246278886068e-02
1.057912378550252171e-02
1.100743475694544553e-02
1.527819255672128486e-02
1.379508351660749775e-02
1.514683676252194001e-02
1.320783548539590686e-02
1.387918033393686565e-02
1.533970641065914367e-02
1.966465364148435938e-02
1.323364765510380743e-02
1.317199624006750239e-02
1.115000732041320636e-02
1.731609966050902047e-02
1.376245730982306875e-02
1.656776758735153260e-02
