1.609890133371722279e-02
1.521086587566925809e-02
1.170812131737092483e-02
1.354387605789851047e-02
1.486268521322413674e-02
1.257221303576160944e-02
1.199340106116771575e-02
1.797280445788516576e-02
1.743647242831057251e-02
1.261889430621570586e-02
1.394292058607660319e-02
1.504690661133726605e-02
1.878400957496487514e-02
1.685842702882700550e-02
1.360428804496737788e-02
1.479072536967706610e-02
1.571707242805806676e-02
1.357434017987312058e-02
1.306051791087575568e-02
2.349951683606062158e-02
1.758604505784743671e-02
1.460256816051959741e-02
1.291789212445851841e-02
1.093485428544168844e-02
1.248301613385914728e-02
1.082745411143028191e-02
1.935449857661102058e-02
1.769580699093645584e-02
1.275724139124913108e-02
1.253350221938864632e-02
1.063545126948346395e-02
1.244343112811380561e-02
1.479127623589042255e-02
1.426983855925775639e-02
1.297932673403864173e-02
1.566915320541299381e-02
1.249674053079053923e-02
1.751560515148712846e-02
1.270908128692505371e-02
1.614429469314862184e-02
1.707815439092169943e-02
1.428259634305065022e-02
1.218371859508099973e-02
1.707442938956705777e-02
1.483047195092898791e-02
1.185826958352112319e-02
1.548206904912821993e-02
1.616175040508059657e-02
1.562884885093241902e-02
1.375716819088208809e-02
1.448796267795112586e-02
1.058667295504898270e-02
9.760490983725547340e-03
1.255967151524667487e-02
1.499631465260983440e-02
1.642574166162075883e-02
1.574349635781705989e-02
1.465158131574010279e-02
1.098028338328899643e-02
9.901433483745974984e-03
1.482861780810370428e-02
1.280644668552291532e-02
1.126517240097077259e-02
1.579471808588670673e-02
1.503365691451074779e-02
1.334657864021863635e-02
1.229569467110705819e-02
1.341541527571049781e-02
1.390476794700663647e-02
1.463376833084461745e-02
