1.726188532559414304e-02
1.621361367233648682e-02
1.068967045296392686e-02
1.429345147830544428e-02
1.162901865012299328e-02
1.210125058061080686e-02
1.481143475055680253e-02
1.606671187388432689e-02
1.451639701715549437e-02
1.166906883825930517e-02
1.266160259146861984e-02
1.532738035222070382e-02
1.208369206037430109e-02
1.308971892408153544e-02
1.407809674739214645e-02
1.207874029101814982e-02
1.688464537653171227e-02
1.533540516180332582e-02
1.786915755846849030e-02
1.140843776254085555e-02
1.546434571372889283e-02
1.538000716692458983e-02
1.444738716201034862e-02
1.341816184030212612e-02
1.118115015121208013e-02
1.445548472613268284e-02
1.769166421500801070e-02
1.577921308272727322e-02
1.127613537523963587e-02
1.596770823702721442e-02
1.451387508222008391e-02
1.285626811242346172e-02
1.447414247426583554e-02
1.460836938821126994e-02
1.183109180672420498e-02
1.617645324599818746e-02
1.569124082423991109e-02
1.914727204544124095e-02
1.255244383040021033e-02
1.494352311861830290e-02
1.248885604622689167e-02
1.611446826061591758e-02
1.165185351643440240e-02
1.297807179617757253e-02
1.149578627432448069e-02
1.378426094964450843e-02
1.707638744216897347e-02
1.250277160496663861e-02
1.433344000783759974e-02
1.212444674410136786e-02
1.637390430588031576e-02
1.524881133779227779e-02
1.817442768099838263e-02
1.666966837507116370e-02
1.178303179306174411e-02
1.499933978938843178e-02
1.227520910705281153e-02
1.571163603856782706e-02
1.172329458732519585e-02
1.519830343789131157e-02
1.508158327884841568e-02
1.235813891116665890e-02
2.037687580183126373e-02
1.276620359502916337e-02
1.356249194599868681e-02
1.619460312862420343e-02
1.109380323788215945e-02
1.740349929685120617e-02
1.166916752820256267e-02
1.486034711549274676e-02
