2.116490791642036337e-02
1.191119479974901002e-02
1.240316237548409924e-02
1.603724449358767332e-02
1.884854886130996054e-02
1.005674004779640897e-02
1.344395054506933654e-02
1.548190768177402921e-02
1.123955012736499622e-02
1.159069147378188717e-02
1.452110144616056489e-02
1.308943867347482463e-02
1.317998984789563871e-02
1.444080742298757547e-02
1.276285991153872784e-02
1.678434853153941073e-02
1.717378559546640926e-02
1.190610637269216669e-02
2.123212572296995920e-02
1.565931181962187252e-02
1.516653797872525786e-02
1.692917213078372687e-02
1.337375778825002949e-02
1.300015274674452131e-02
1.502975963961487339e-02
1.762114747799429365e-02
1.428248397892618003e-02
1.410530025598388110e-02
1.283028535632579036e-02
1.903328772514822909e-02
1.363476568009459704e-02
1.038374566473629183e-02
8.093927681427319845e-03
1.400425104275402656e-02
1.811429999579480463e-02
1.131032134237393988e-02
1.350138805326867551e-02
1.603028436673726784e-02
1.391326032073340532e-02
1.351189744030633841e-02
1.539084071069326230e-02
1.112452539427610798e-02
1.319018548195566125e-02
1.505052500190848762e-02
1.484930717024727370e-02
1.572891359614202178e-02
1.201658969192626741e-02
1.461759513263460181e-02
1.251583013702267135e-02
1.362470805252699591e-02
1.689900071150342298e-02
1.312473084954283650e-02
1.429665882338590488e-02
1.128311781124526764e-02
1.943963759092743465e-02
1.473089847653729668e-02
1.223129762075535198e-02
1.323508530199979556e-02
1.419485943935411970e-02
1.579565334270810473e-02
1.526214029655753937e-02
9.928131774308922297e-03
1.098037776246719131e-02
1.311163146218282533e-02
1.777715388806806740e-02
1.595703062259943780e-02
1.254607806114985472e-02
1.529852656808894026e-02
1.552228030278804231e-02
1.347888859108828906e-02
