1.214999349500453865e-02
1.488488902784133525e-02
1.027910525944565612e-02
1.532139018053900979e-02
1.692775983659938061e-02
1.401111548937294948e-02
1.523592471892987882e-02
1.454576109437093721e-02
1.711743528370937573e-02
1.278251401651387884e-02
1.425059767139782128e-02
1.208393879252234009e-02
1.493783888744203842e-02
1.760358659692622812e-02
1.493094140236531434e-02
1.610591441654558864e-02
1.628753143410817394e-02
1.432741351611463605e-02
1.818110812470091417e-02
1.233933657963368416e-02
1.623309553167028019e-02
1.459242604942466784e-02
1.247123726638208092e-02
1.290661778299914512e-02
1.651340651133773388e-02
1.788550778666725752e-02
1.387570891263355602e-02
1.511900793547942858e-02
1.147480638621501195e-02
1.435518316937249399e-02
1.763040708997645062e-02
1.493789529500479801e-02
1.369015285251605311e-02
1.435713973700056614e-02
1.162678786407821997e-02
1.482356769083265254e-02
1.279651518166142164e-02
1.466539410103711791e-02
1.386406626648093582e-02
1.337742504409647828e-02
1.394891500519730189e-02
1.170755227394216537e-02
1.734039765315927711e-02
1.300247936657085608e-02
1.397346889709353071e-02
1.430176919758114479e-02
1.048960404772513073e-02
1.233297396694595961e-02
1.167807690036862245e-02
1.300833723498331929e-02
1.155309925571842457e-02
1.796231936260980419e-02
1.314682438073253891e-02
1.464333689904664774e-02
1.415903493599366889e-02
1.603819220192357481e-02
1.626661692078861660e-02
1.708542647950470061e-02
1.709151025428783804e-02
1.567863799265637598e-02
1.582606229616868865e-02
1.106746243020437399e-02
1.652044864738621069e-02
1.209826498004534963e-02
1.117249901111063044e-02
1.275528935603813946e-02
1.207390983631553144e-02
1.074132297085907996e-02
1.501253696854898401e-02
1.582318599754344718e-02
