2.242176745596412279e-02
1.369628382828618970e-02
1.060065110868126971e-02
1.367421684204598621e-02
1.758055394246866784e-02
1.537156823129096940e-02
1.366782335640473640e-02
2.646590000987563210e-02
7.176931714281398027e-03
5.889548544148076950e-03
1.542479788551029581e-02
1.172698059125401593e-02
9.842195528510145133e-03
1.717194978111214257e-02
1.605298011716007126e-02
9.907831434249740957e-03
5.695899025799885593e-03
1.562805486882695716e-02
2.097197498215079212e-02
1.348497101638441477e-02
1.681826328346658697e-02
1.418654182454069830e-02
1.250770160178511954e-02
1.202758586578786364e-02
1.960120049657510313e-02
1.224847675722859699e-02
1.780286000308963987e-02
1.860013619894665751e-02
1.621156203132772741e-02
1.453935628087091488e-02
1.200457698610197903e-02
1.791915063021092339e-02
9.408431593408093582e-03
1.554026561428563727e-02
1.657145976930207362e-02
8.277996505743547007e-03
8.995651777169268518e-03
1.121214727949363527e-02
1.814390159481731046e-02
1.650944321036513715e-02
1.855756437753127222e-02
1.836222990949041775e-02
1.141922074627642683e-02
1.535506419660326131e-02
1.395797600065666957e-02
1.566572718992245011e-02
1.068961284769479915e-02
4.839922780625053288e-03
1.440476680886308702e-02
1.255337090599704247e-02
8.771425407052916776e-03
1.572119536565257103e-02
9.199722323173512711e-03
1.122474086710718855e-02
9.898809505413556226e-03
1.531835464273319757e-02
2.058348117967358226e-02
1.259852281642550795e-02
1.367210284703881604e-02
1.999198194755641075e-02
1.699802226349364162e-02
1.909781989241237862e-02
2.278059772918914969e-02
1.307035237903077414e-02
2.602095614070171897e-02
1.114600972161858099e-02
1.603809605507809308e-02
6.175837718450469249e-03
9.461791184015907324e-03
1.484513468159960083e-02
