1.559175802769036980e-02
1.557993744040318818e-02
1.419529822454054270e-02
1.324244070814051093e-02
1.051884211775531291e-02
1.163764292868681854e-02
1.294777155191639308e-02
1.174687958034055686e-02
1.308046745783487085e-02
1.540224935408689329e-02
1.564179263802747619e-02
1.194537126643796521e-02
1.369021727396455869e-02
1.471018761843375516e-02
1.510876886986145876e-02
1.734359281842522485e-02
1.411361661116342960e-02
1.303678010055802153e-02
1.221794242005431672e-02
1.280223567030162012e-02
2.246228205149050638e-02
1.206216004472892254e-02
1.573330283230578788e-02
1.260519915805065512e-02
1.743192503031059173e-02
1.617554352592330200e-02
1.265020863210135869e-02
1.332642155987255952e-02
1.127315896919185018e-02
1.621592519665695023e-02
1.594237364326928086e-02
1.615152918935674684e-02
1.668122047657577198e-02
1.490923333712871821e-02
1.623466770177486168e-02
1.072093322995260924e-02
1.290745878135790732e-02
1.772356089821363820e-02
1.562028283876760321e-02
1.686246452440791355e-02
1.133251919076301920e-02
1.175374512086252085e-02
1.614420982837375118e-02
1.771678458117520449e-02
1.462531804101962346e-02
1.441219859917130912e-02
2.037840448768832649e-02
9.189879174683696084e-03
1.360273552339108342e-02
1.163571731926285428e-02
1.424018495968958943e-02
1.410205996049944920e-02
1.297300932935844392e-02
1.463239401201096683e-02
1.250536299726084412e-02
1.111007110838262493e-02
1.363293323910396392e-02
1.191619201215481094e-02
1.581721642150924964e-02
1.344656933474347622e-02
1.437224487424191774e-02
1.353615885740143757e-02
1.631660451336430784e-02
1.452867214512748063e-02
1.191201776044070737e-02
1.307156465670962150e-02
1.462259768166215661e-02
1.411991145065190703e-02
1.675102931436587769e-02
1.735804920486912553e-02
