1.327660400698133826e-02
1.441150686406750953e-02
1.336716072184304660e-02
1.893836360979056152e-02
1.108816390495079122e-02
1.712634886830876821e-02
1.447424379482623383e-02
1.631683866998962298e-02
1.436569642150538513e-02
1.309317600582544754e-02
1.223608285209066074e-02
1.050148904855871014e-02
2.081620686670788631e-02
1.501449800114071885e-02
1.274337299200135366e-02
1.961898167878827273e-02
1.425701002807118131e-02
1.978604312654390004e-02
1.229913387284467703e-02
1.336654660696275955e-02
1.686887386875986217e-02
1.676007868712857743e-02
1.752791299156540583e-02
1.379138880747716664e-02
1.391786324724054481e-02
1.200089608251062208e-02
1.329836931180524394e-02
1.430663671923493481e-02
1.334725486147101368e-02
1.340811821181618971e-02
1.437018528695577745e-02
1.422062875984371651e-02
1.187462903750591617e-02
1.264518345624704790e-02
1.032975613250356091e-02
1.589271180218577648e-02
1.175256721800577164e-02
1.802684018607545249e-02
1.867584762581761537e-02
1.716293200221320758e-02
1.183846196040674002e-02
1.134350655378250916e-02
1.459606800681069461e-02
1.333001415699456432e-02
1.533789461373313324e-02
1.407191954600349633e-02
1.375245417416771053e-02
1.525572526359173821e-02
1.393446137557517728e-02
9.708125581871715482e-03
1.110937630888460780e-02
1.542379975118384275e-02
1.215737147417115388e-02
1.699622273231747235e-02
1.353886755943887153e-02
1.270443807914399884e-02
1.681196543978023816e-02
1.311628507428496022e-02
1.404785410085055905e-02
1.296605338710247156e-02
9.599217190324091722e-03
1.418946275320872100e-02
1.608910072800026278e-02
1.409495739450485237e-02
1.521126078751798213e-02
1.416497693003223972e-02
1.458835642849248306e-02
1.381303972308291043e-02
1.398844617554305565e-02
1.494417451103536437e-02
