7.000000000000000000e+00
3.900000000000000000e+01
3.000000000000000000e+01
3.000000000000000000e+01
3.000000000000000000e+01
3.900000000000000000e+01
1.900000000000000000e+01
1.900000000000000000e+01
1.900000000000000000e+01
1.900000000000000000e+01
1.900000000000000000e+01
3.000000000000000000e+01
3.900000000000000000e+01
3.900000000000000000e+01
3.000000000000000000e+01
3.100000000000000000e+01
3.100000000000000000e+01
5.000000000000000000e+00
5.000000000000000000e+00
3.100000000000000000e+01
3.100000000000000000e+01
3.100000000000000000e+01
3.100000000000000000e+01
3.100000000000000000e+01
5.000000000000000000e+00
5.000000000000000000e+00
5.000000000000000000e+00
5.000000000000000000e+00
3.100000000000000000e+01
3.100000000000000000e+01
2.400000000000000000e+01
2.400000000000000000e+01
2.400000000000000000e+01
2.400000000000000000e+01
2.400000000000000000e+01
2.400000000000000000e+01
2.400000000000000000e+01
2.400000000000000000e+01
6.000000000000000000e+00
6.000000000000000000e+00
5.000000000000000000e+00
2.400000000000000000e+01
2.400000000000000000e+01
2.400000000000000000e+01
2.400000000000000000e+01
2.800000000000000000e+01
4.300000000000000000e+01
1.800000000000000000e+01
1.800000000000000000e+01
1.800000000000000000e+01
1.800000000000000000e+01
1.800000000000000000e+01
1.800000000000000000e+01
4.900000000000000000e+01
4.900000000000000000e+01
4.900000000000000000e+01
4.900000000000000000e+01
4.900000000000000000e+01
4.900000000000000000e+01
4.900000000000000000e+01
2.800000000000000000e+01
9.000000000000000000e+00
5.600000000000000000e+01
5.600000000000000000e+01
3.100000000000000000e+01
2.000000000000000000e+01
6.200000000000000000e+01
3.100000000000000000e+01
2.800000000000000000e+01
2.000000000000000000e+01
2.800000000000000000e+01
3.100000000000000000e+01
6.200000000000000000e+01
4.000000000000000000e+00
2.200000000000000000e+01
6.200000000000000000e+01
6.700000000000000000e+01
6.200000000000000000e+01
2.000000000000000000e+01
4.000000000000000000e+01
6.700000000000000000e+01
3.100000000000000000e+01
2.000000000000000000e+01
3.400000000000000000e+01
6.200000000000000000e+01
6.200000000000000000e+01
6.700000000000000000e+01
6.700000000000000000e+01
6.200000000000000000e+01
6.200000000000000000e+01
