1.584882519806877360e-02
1.573679338305041323e-02
1.275398964309762580e-02
1.359006819015880045e-02
1.320559095228503350e-02
1.425876460376727939e-02
1.450576520070133608e-02
9.871978780258283334e-03
1.372260168834854924e-02
1.485084847993249982e-02
1.277118613947392407e-02
1.461925339573085306e-02
1.718704752943520792e-02
1.340861964675400461e-02
1.458399646670975949e-02
1.840435128305679610e-02
1.630253067201739917e-02
1.544913936417516981e-02
1.296376272239031964e-02
1.882080280229548111e-02
1.591194211165218239e-02
1.472126219691978315e-02
1.475068898720848128e-02
1.361343019681010916e-02
1.767349067220170405e-02
1.532542834160986051e-02
1.240415508438891430e-02
1.161447679114513930e-02
1.384647788325510040e-02
1.169970441960981739e-02
1.476182168789562550e-02
1.946072257878841971e-02
1.268686165812980826e-02
1.425408559098435314e-02
1.466417992253342406e-02
1.354051839445409751e-02
1.674615581151452787e-02
1.496423384737822528e-02
1.301328858403569787e-02
1.724401583098708612e-02
1.482875809949168143e-02
1.245095055012430951e-02
1.329867429382211412e-02
1.122595446431415463e-02
1.431467599666016305e-02
1.289883499177164536e-02
1.535373523496799154e-02
1.196788615015307103e-02
1.493086010043861815e-02
1.592619731583603399e-02
1.331921653106291938e-02
1.395119444611769670e-02
1.324683822327971106e-02
1.245679047141268377e-02
1.296653747027942845e-02
1.274694274052810654e-02
1.315693979509606482e-02
1.752980633794789730e-02
1.705135268687135372e-02
1.236751150408464672e-02
1.494611253856721785e-02
1.298532081126284148e-02
1.575148282423091337e-02
1.119141924678747346e-02
1.486379512700237299e-02
1.326737123130112411e-02
1.662898540901978570e-02
1.263172660852709787e-02
1.154337189917998760e-02
1.444790016665154810e-02
