1.379820173243114824e-02
1.600337555607319467e-02
1.716770380564126841e-02
1.607233049287243309e-02
1.537467344719952583e-02
1.336105644119796321e-02
1.550934461102594988e-02
1.209410324041587832e-02
1.193685583581842458e-02
1.432502004419913474e-02
1.534726855640397743e-02
1.757003876363420758e-02
1.467260477289911852e-02
1.614794847085086402e-02
1.390183736817563603e-02
1.368190645519700051e-02
1.666721465904545327e-02
1.513534634204201888e-02
1.431451036768595537e-02
1.701039559151183017e-02
1.173827654935086576e-02
1.492028092150139880e-02
1.107633846538816358e-02
1.208523422484104187e-02
1.336299502005207709e-02
1.525151071814219786e-02
1.594713239767478127e-02
1.102485776800708923e-02
1.885754257134571871e-02
1.604702346746339492e-02
1.414185926179879239e-02
1.521379399109542771e-02
1.328685373314100228e-02
1.553876023344258513e-02
1.422392675770496259e-02
1.519300998475527770e-02
1.500506902251254500e-02
1.305104017757924804e-02
1.353219658088754794e-02
1.522351735916183980e-02
1.303087584796172073e-02
1.582211959303649398e-02
1.683317705240807913e-02
1.265962083506005920e-02
1.169694412808059379e-02
1.307212892879643790e-02
1.469949958266793429e-02
1.428245576920912467e-02
1.328500032739195896e-02
1.476280438304885742e-02
1.356504465201910543e-02
1.550435523704380737e-02
9.356757417877064817e-03
2.308557280328576641e-02
1.643957991020217682e-02
1.204004904348858138e-02
1.141445075716099669e-02
1.115712926466173698e-02
1.156288906685482357e-02
1.111760243119264829e-02
1.496404642228716698e-02
1.368460086722673649e-02
9.980224530396012914e-03
1.821372436616065099e-02
1.246411084835727205e-02
1.422097448578940604e-02
1.425447411906157966e-02
1.078419496069748205e-02
1.671552040451568591e-02
1.451711620389332762e-02
