1.502715648437876438e-02
1.518732446859351846e-02
1.392709201479043479e-02
1.278853155612704427e-02
1.632616498992200266e-02
1.560156085676307064e-02
1.427691694256905640e-02
1.660019983044676642e-02
1.473279143951421351e-02
1.570534915788322425e-02
1.682842663327948837e-02
1.177030424047945979e-02
1.496875634528218278e-02
1.353700415909247882e-02
1.137971865693921704e-02
1.206489357142538979e-02
1.695928572316052901e-02
1.223009365266072672e-02
1.509690688442432913e-02
1.453898376010370405e-02
1.547476518099473800e-02
1.390077632274386299e-02
1.238003316525492468e-02
1.690223345600835175e-02
1.635561400850175234e-02
1.181715414199094490e-02
1.153714751368908366e-02
1.358165083342786038e-02
1.668985576810920815e-02
1.352867607032171536e-02
1.299536160182422975e-02
1.056991451758430497e-02
1.626796418017479456e-02
1.280489977171856385e-02
1.357834915622570422e-02
1.330969251094409750e-02
1.477727724466392986e-02
1.218660704848428637e-02
1.451917260268460394e-02
1.184458998211458496e-02
9.747722884015024708e-03
1.229556286328617985e-02
1.462382133715967036e-02
1.253452950607930778e-02
1.861777410148415454e-02
1.226072593134094543e-02
1.677176166430335152e-02
1.600053656958428522e-02
1.438274738963582142e-02
1.527163783552829522e-02
1.864532834367766886e-02
1.589528066709109885e-02
1.219986567318756196e-02
1.635508637628010561e-02
1.370910937088955228e-02
1.541150054230887474e-02
1.624530294976805900e-02
1.369906744050060007e-02
1.099136777429934181e-02
1.981419037552012083e-02
1.580450640737481732e-02
1.573274349502122235e-02
1.212108690302559841e-02
1.569190092685051816e-02
1.429644821420752651e-02
1.626141574525608383e-02
1.400445895271624705e-02
1.350525060231113489e-02
1.225466952449727823e-02
1.028540318750257622e-02
