1.268074015648176615e-02
1.270242446842686536e-02
1.701204229310256111e-02
1.237813678523066140e-02
1.409878934792762294e-02
1.313305259852917510e-02
1.688532097216733502e-02
1.793933594261452186e-02
1.506262042143237390e-02
1.206531813132423123e-02
1.344362029560998602e-02
1.048294675963576915e-02
1.258011190588351376e-02
2.034995662428707927e-02
1.393021600912953441e-02
1.995966289520148193e-02
1.242194301445244398e-02
1.540955589917258721e-02
1.456107891185428813e-02
1.519384844433741694e-02
1.442783712419869711e-02
9.672188787787441150e-03
1.213229540960956629e-02
1.153201183629424219e-02
1.328605832778241569e-02
1.200004525702835778e-02
1.295028052944475344e-02
1.419987810494842927e-02
1.965421842727138949e-02
1.391589614221248883e-02
1.289090461323031886e-02
1.445816736128568980e-02
1.133773005930351074e-02
1.443665179590397814e-02
1.930898562691019810e-02
1.388499769415149805e-02
1.404029763153700865e-02
1.982021452874921028e-02
1.353556339539420048e-02
1.785403605701145480e-02
1.280765263327409385e-02
1.157521974035576745e-02
1.603004025938439478e-02
1.945537338312474870e-02
1.514836032151407365e-02
1.179240786831708791e-02
1.497129821432855931e-02
1.405371441936794502e-02
1.133986562063856243e-02
1.434196079187034789e-02
1.370846726563063403e-02
1.155598596589166131e-02
1.068396556711630543e-02
1.446935250302159963e-02
1.727493325343391201e-02
1.605707023597101671e-02
1.274930669814810548e-02
1.258821653768489070e-02
1.244915526390164874e-02
1.991018667437436870e-02
1.878727053030970068e-02
9.353629209566664826e-03
1.600392218826911933e-02
1.347181471073474052e-02
1.814753986384235254e-02
1.399665725232268274e-02
1.084903796937472346e-02
1.380496461048675606e-02
1.037190672915202019e-02
1.462174313173531838e-02
