2.400000000000000000e+01
2.400000000000000000e+01
2.400000000000000000e+01
2.400000000000000000e+01
2.400000000000000000e+01
2.400000000000000000e+01
2.400000000000000000e+01
2.400000000000000000e+01
2.400000000000000000e+01
2.400000000000000000e+01
2.400000000000000000e+01
2.400000000000000000e+01
2.400000000000000000e+01
1.000000000000000000e+00
1.000000000000000000e+00
6.300000000000000000e+01
6.300000000000000000e+01
1.900000000000000000e+01
1.900000000000000000e+01
1.900000000000000000e+01
6.300000000000000000e+01
1.900000000000000000e+01
1.900000000000000000e+01
6.300000000000000000e+01
6.300000000000000000e+01
1.900000000000000000e+01
6.300000000000000000e+01
6.300000000000000000e+01
6.300000000000000000e+01
6.300000000000000000e+01
5.700000000000000000e+01
5.700000000000000000e+01
5.100000000000000000e+01
5.100000000000000000e+01
5.100000000000000000e+01
5.100000000000000000e+01
5.100000000000000000e+01
5.700000000000000000e+01
1.100000000000000000e+01
1.100000000000000000e+01
1.100000000000000000e+01
1.100000000000000000e+01
5.700000000000000000e+01
5.700000000000000000e+01
5.700000000000000000e+01
1.000000000000000000e+00
1.000000000000000000e+00
5.900000000000000000e+01
1.000000000000000000e+00
1.000000000000000000e+00
5.900000000000000000e+01
5.900000000000000000e+01
2.700000000000000000e+01
1.000000000000000000e+00
1.000000000000000000e+00
5.900000000000000000e+01
2.700000000000000000e+01
1.000000000000000000e+00
5.900000000000000000e+01
1.000000000000000000e+00
3.400000000000000000e+01
3.400000000000000000e+01
3.400000000000000000e+01
3.400000000000000000e+01
3.400000000000000000e+01
3.400000000000000000e+01
3.400000000000000000e+01
3.400000000000000000e+01
1.000000000000000000e+00
3.400000000000000000e+01
6.800000000000000000e+01
3.400000000000000000e+01
6.800000000000000000e+01
3.400000000000000000e+01
3.400000000000000000e+01
3.400000000000000000e+01
3.400000000000000000e+01
3.400000000000000000e+01
3.400000000000000000e+01
9.000000000000000000e+00
6.300000000000000000e+01
9.000000000000000000e+00
3.400000000000000000e+01
9.000000000000000000e+00
3.400000000000000000e+01
3.400000000000000000e+01
3.400000000000000000e+01
3.400000000000000000e+01
9.000000000000000000e+00
9.000000000000000000e+00
6.300000000000000000e+01
5.700000000000000000e+01
6.300000000000000000e+01
6.300000000000000000e+01
6.300000000000000000e+01
5.700000000000000000e+01
6.300000000000000000e+01
5.700000000000000000e+01
5.700000000000000000e+01
5.700000000000000000e+01
6.300000000000000000e+01
5.700000000000000000e+01
5.700000000000000000e+01
6.300000000000000000e+01
6.300000000000000000e+01
2.700000000000000000e+01
5.700000000000000000e+01
5.700000000000000000e+01
6.300000000000000000e+01
5.700000000000000000e+01
5.700000000000000000e+01
5.700000000000000000e+01
2.700000000000000000e+01
5.700000000000000000e+01
6.300000000000000000e+01
5.700000000000000000e+01
5.700000000000000000e+01
5.700000000000000000e+01
6.300000000000000000e+01
5.700000000000000000e+01
