1.525300016039602552e-02
1.421024649126324639e-02
1.425154540970508671e-02
1.782454678705290216e-02
1.246498663214157081e-02
1.643778624146876102e-02
1.738704490793403085e-02
1.519842896639898334e-02
1.654282154449451120e-02
1.681817892873858217e-02
1.087716408910343116e-02
1.503995288531720549e-02
9.110813049287768903e-03
1.425674396291646585e-02
1.308571548440088175e-02
1.319460579879162820e-02
1.185805534188298475e-02
1.228787142538225255e-02
1.418579875941928560e-02
1.670736130245056850e-02
1.458998538364485523e-02
1.068545135564338659e-02
1.319485773082692583e-02
1.718422683140520199e-02
1.032127922227858013e-02
1.449048672462442330e-02
1.512054165027349947e-02
1.881416580119048276e-02
1.266434924347570497e-02
1.113801912062750005e-02
1.393117241725832546e-02
9.933191805670007341e-03
1.263954176101992830e-02
2.193367504389569234e-02
1.495711758870029058e-02
1.096883199838041660e-02
1.383831986943834073e-02
2.113962190705673608e-02
1.261332534932036419e-02
1.432435309853813919e-02
2.233875756451865133e-02
1.335372008592261052e-02
1.369687052431989467e-02
1.097073765229883771e-02
1.303391425565327520e-02
1.171069375775668324e-02
1.482129664790238395e-02
1.166585776022057395e-02
1.517654328563756462e-02
1.445337833856419861e-02
1.460473800959274752e-02
1.290372701344447669e-02
1.433797694379636799e-02
1.735719142091891876e-02
9.776912037394251340e-03
1.116954273144823463e-02
1.238003312330638282e-02
1.264538313378533139e-02
1.345912451370447419e-02
1.219859901306494243e-02
1.326286215347894162e-02
1.333499580997057204e-02
1.558514448646714998e-02
2.180308021814010219e-02
1.526167268009452974e-02
1.704490272141044593e-02
1.346848822893298783e-02
1.445273968443544152e-02
1.479829199744023445e-02
1.745764213456412958e-02
