1.493670101884593017e-02
1.161121965149386655e-02
1.333131484259528730e-02
1.591113154419970810e-02
1.295851446292172783e-02
1.611468971902392522e-02
1.292015745144416833e-02
1.273505601055192026e-02
1.845244289423478290e-02
1.533872001109205796e-02
1.177730346630474594e-02
1.754232196667448312e-02
1.504882023492465359e-02
1.413992563226813479e-02
1.868994063966740102e-02
1.494108381713174331e-02
1.059798619873066755e-02
1.188646893982145056e-02
1.385849120908165533e-02
1.540556548709422734e-02
1.032852382377087881e-02
1.348419923661868178e-02
1.616247373906833790e-02
1.502232212406982327e-02
1.315323902322576566e-02
1.422033617906782489e-02
9.842810588276367303e-03
2.128383161468652349e-02
1.090897994466427136e-02
1.086593918167548002e-02
1.254009716274197619e-02
1.421163810634211780e-02
1.570796994970370675e-02
9.145695432180920084e-03
9.290475961334506219e-03
1.614015993286376308e-02
1.509354588342009564e-02
1.743412884290144321e-02
1.761279749375324957e-02
1.323832182694445816e-02
1.621496695038675967e-02
1.614439605602269526e-02
1.584818525617498475e-02
1.507724785115584047e-02
1.206875147988409509e-02
1.297276117828493128e-02
1.291980044972960463e-02
1.578048149863520502e-02
1.288274858125896052e-02
1.423765008675775302e-02
1.361338744921029333e-02
1.617113870401779702e-02
1.396623267230817297e-02
1.633518417220964150e-02
1.465947074901264961e-02
1.182738088106431891e-02
1.254142562423324857e-02
1.712096170211018994e-02
1.184462182956691478e-02
1.615740843920485462e-02
1.397273824495770533e-02
1.305895032906188510e-02
1.243401752339151276e-02
1.505387790502631801e-02
1.418221542620483160e-02
1.117967865101789429e-02
1.482387703705092055e-02
1.736463921102445254e-02
1.865001230314001363e-02
1.701045051248282342e-02
