1.736289318164567497e-02
1.431201405115355325e-02
1.721138436614137734e-02
1.629738536963261375e-02
1.436592570342993223e-02
1.460970379932621278e-02
1.861798189017407554e-02
1.369242240975028155e-02
1.349760771633039258e-02
1.107945683738906228e-02
1.132443142062637860e-02
1.386541691481989885e-02
1.120661416319906900e-02
1.283073513113452795e-02
9.363156171864481930e-03
1.529585283731600340e-02
1.346211755223463563e-02
1.273973633982279641e-02
1.647921109661991748e-02
1.318919294844313889e-02
1.287168319212303458e-02
1.372036565992048457e-02
1.281194261746969841e-02
1.326437087085072589e-02
1.134705287960656103e-02
1.509984910256219164e-02
1.291641941999252530e-02
1.403120435588169936e-02
1.660135562822591740e-02
1.638224154674616448e-02
1.140819233379965908e-02
1.740738801699105720e-02
1.792673537372935222e-02
1.349727822918564760e-02
1.233499182630396623e-02
1.435440309813556387e-02
1.397500664887832943e-02
1.585788117675971179e-02
1.355460398821606120e-02
1.730057740015345652e-02
1.179251893135686846e-02
1.486849417670593580e-02
1.361301518594715265e-02
1.610300843577122318e-02
1.494577960209082096e-02
1.359256551250014391e-02
1.339899649951789562e-02
1.634622342483931651e-02
1.537185756020360665e-02
1.047309866771913879e-02
1.461332040480492825e-02
1.428215527643437489e-02
1.253091341915127215e-02
1.443466980597156099e-02
1.695763447636687224e-02
1.623880838512979652e-02
1.468954111207902528e-02
1.587875339631548977e-02
1.117994237698805536e-02
1.260854818641706995e-02
1.387836929049783563e-02
1.602921732611601799e-02
1.512094501262163312e-02
1.272701269994928885e-02
1.631932789651505469e-02
1.343565699982764670e-02
1.411329693005296260e-02
1.856995643431344489e-02
1.432165077584019418e-02
1.409793853136931743e-02
