1.644641596893107321e-02
1.718196914991121371e-02
1.582742967863780270e-02
1.359354936191324234e-02
1.568852482139620683e-02
1.276789738065569647e-02
1.369223133756908815e-02
1.272928135711310325e-02
1.339310673237031901e-02
1.477016767676022323e-02
1.266922487504655234e-02
1.315317747126303408e-02
1.191316746457183988e-02
1.266694956867960194e-02
1.385030347060404315e-02
1.215840309858270962e-02
1.386944392150937268e-02
1.630552262670554448e-02
1.557678514651372054e-02
2.118305432574497243e-02
1.465084766172156973e-02
1.886478469631173646e-02
1.448280870022535319e-02
1.345836031260319761e-02
1.358810696153522381e-02
1.252003111349397901e-02
1.362414805317249504e-02
1.431993665706743878e-02
1.538401985083838464e-02
1.483384469007290735e-02
1.372214364970031353e-02
1.169965531300853206e-02
1.239886008056687895e-02
1.420166697402774035e-02
1.352215806710331016e-02
1.134211597364696497e-02
1.450362197277216617e-02
1.546939941744961307e-02
1.421579082420829261e-02
1.244423169170357987e-02
1.339878459678432547e-02
1.175204805650218766e-02
1.340744746275665360e-02
1.551562397899013991e-02
1.919678490617283614e-02
1.022901813862412725e-02
1.347119872416816834e-02
1.433619868567303363e-02
1.211678255230335365e-02
1.462581758999391239e-02
1.409726639206559939e-02
1.393866251714057092e-02
1.602923948874261650e-02
1.352316943970824359e-02
1.097663734061617852e-02
1.583364475765085266e-02
1.200172347858696059e-02
1.347209510167730363e-02
1.659185051283602191e-02
1.738913595983291802e-02
1.238564641798234334e-02
1.489933636498146606e-02
1.465114666672375984e-02
1.561766933013724809e-02
1.819564394124835449e-02
1.577811515168587447e-02
1.563603534045153454e-02
1.569113148252071488e-02
1.435167406249142005e-02
1.220733346524257440e-02
