1.155637892639394503e-02
1.293157827280275521e-02
1.413583361215626187e-02
1.437107854867550848e-02
1.039669655293307300e-02
1.161182803755978106e-02
2.054067909657242980e-02
1.352977415918753257e-02
1.450964831500010238e-02
1.750824833092206462e-02
1.480591407798167308e-02
1.442182029038869238e-02
1.397848926004420511e-02
1.504222930604585604e-02
1.192088128169274848e-02
1.229525476978065787e-02
1.319967565336821122e-02
1.369845131851601949e-02
1.196314512508622058e-02
1.409078491676086543e-02
1.587662429800465111e-02
1.121718066881562635e-02
1.962112569697785705e-02
1.239494977462484923e-02
1.605171398327178214e-02
1.176570040635836409e-02
1.578027056003302245e-02
1.301773185543428878e-02
1.353870379388214494e-02
1.771783904568508330e-02
1.415109873969684975e-02
1.943962553512064428e-02
1.073297750579652911e-02
1.048786400088144548e-02
1.475635469902186227e-02
1.364968431206523697e-02
1.462887825665690027e-02
1.566569461320420006e-02
1.094682081560998527e-02
2.139713574678564489e-02
1.340414520464130836e-02
1.627902497778221241e-02
1.335798780990847187e-02
1.696835685417543566e-02
1.564480004682087394e-02
1.241972270793184792e-02
1.496723264353426279e-02
1.539011262721383909e-02
1.372140114510889998e-02
1.254574021779243133e-02
2.238935594734025800e-02
1.187433664615551027e-02
1.179325094644701269e-02
1.364592899998604697e-02
1.323052539327145526e-02
1.544270067669379319e-02
1.093931144826767142e-02
1.433381020020613877e-02
1.412980370556470716e-02
1.183960042655218814e-02
1.390993700790571497e-02
1.598240450880726582e-02
1.442163639910405692e-02
1.519608543705109650e-02
1.534107823185360160e-02
1.903115523135215717e-02
1.519199219005931863e-02
1.396281578144904952e-02
1.181677929070088992e-02
1.148260313652716726e-02
