2.131920328192919364e-02
2.867080473193520107e-02
2.187347016342065797e-02
1.535572923879299952e-02
1.925788850806394586e-02
2.167656142936431191e-02
1.729387080268013702e-02
1.840367424940636196e-02
1.782229572420463218e-02
2.271274249178590818e-02
1.685068861846259966e-02
2.095834888506575150e-02
1.923700949032929389e-02
2.118522912150553120e-02
2.196563378911117401e-02
1.771506427464607236e-02
1.946809695484718467e-02
1.809145412955865881e-02
2.295317688799553349e-02
2.037842727686432764e-02
2.341728251202943034e-02
1.843468990620883083e-02
2.573174214540767391e-02
2.223183924807069917e-02
1.518042143332153267e-02
1.976038861319400625e-02
1.859360740211915206e-02
2.056504924887916225e-02
2.044578630668428959e-02
1.763374675024931976e-02
2.234169544926561599e-02
1.490258215065126159e-02
1.755903745183510362e-02
1.900107909722637337e-02
2.227770566200065402e-02
2.083080337096948967e-02
2.555806600138118764e-02
2.074579515103959493e-02
1.539882698589333659e-02
2.007515400133621369e-02
2.328467054058690200e-02
1.953512191489982508e-02
2.153348839505723339e-02
2.346261234787155869e-02
1.669165207609760171e-02
1.606896331955402768e-02
1.818018136081212335e-02
1.756214594994653586e-02
2.093855547366947276e-02
1.886793968377244862e-02
