2.400000000000000000e+01
3.800000000000000000e+01
3.800000000000000000e+01
3.800000000000000000e+01
3.800000000000000000e+01
3.800000000000000000e+01
3.200000000000000000e+01
3.200000000000000000e+01
3.200000000000000000e+01
3.200000000000000000e+01
3.200000000000000000e+01
3.800000000000000000e+01
3.800000000000000000e+01
3.800000000000000000e+01
3.800000000000000000e+01
1.200000000000000000e+01
1.200000000000000000e+01
3.300000000000000000e+01
3.300000000000000000e+01
1.200000000000000000e+01
1.200000000000000000e+01
1.200000000000000000e+01
1.200000000000000000e+01
1.200000000000000000e+01
3.300000000000000000e+01
3.300000000000000000e+01
3.300000000000000000e+01
3.300000000000000000e+01
1.200000000000000000e+01
1.200000000000000000e+01
4.200000000000000000e+01
4.200000000000000000e+01
4.200000000000000000e+01
4.200000000000000000e+01
4.200000000000000000e+01
4.200000000000000000e+01
4.200000000000000000e+01
4.200000000000000000e+01
1.800000000000000000e+01
1.800000000000000000e+01
1.800000000000000000e+01
4.200000000000000000e+01
4.200000000000000000e+01
4.200000000000000000e+01
4.200000000000000000e+01
5.300000000000000000e+01
6.600000000000000000e+01
1.800000000000000000e+01
4.700000000000000000e+01
4.700000000000000000e+01
4.700000000000000000e+01
4.700000000000000000e+01
1.800000000000000000e+01
1.800000000000000000e+01
1.800000000000000000e+01
1.800000000000000000e+01
1.800000000000000000e+01
1.800000000000000000e+01
1.800000000000000000e+01
1.800000000000000000e+01
1.200000000000000000e+01
1.100000000000000000e+01
6.700000000000000000e+01
6.700000000000000000e+01
1.200000000000000000e+01
5.700000000000000000e+01
2.600000000000000000e+01
1.200000000000000000e+01
1.200000000000000000e+01
5.700000000000000000e+01
5.300000000000000000e+01
1.200000000000000000e+01
2.900000000000000000e+01
1.500000000000000000e+01
1.500000000000000000e+01
2.600000000000000000e+01
1.000000000000000000e+01
2.600000000000000000e+01
2.500000000000000000e+01
4.300000000000000000e+01
1.000000000000000000e+01
1.200000000000000000e+01
2.500000000000000000e+01
5.400000000000000000e+01
2.100000000000000000e+01
1.000000000000000000e+01
1.000000000000000000e+01
1.000000000000000000e+01
2.500000000000000000e+01
2.100000000000000000e+01
