1.331881850627531123e-02
1.265755791597121017e-02
1.402506329745059968e-02
1.151212840381359709e-02
1.272424381154741400e-02
1.133238138459806248e-02
1.515515013533187856e-02
1.725194024477954766e-02
1.359696879315570525e-02
1.177116292020192329e-02
1.657831929184400838e-02
1.056966002415386970e-02
1.837082996351657727e-02
1.342066337814016956e-02
1.480140353730135042e-02
1.413781909483958349e-02
1.609073108208683087e-02
1.445879435330446085e-02
1.914367370549911046e-02
1.452330221911658087e-02
1.514383484826430440e-02
1.347535680033271760e-02
1.551357755785125539e-02
1.288716948251168205e-02
1.468114700773773956e-02
1.433176841314165451e-02
1.444932772517310872e-02
1.860357258174361386e-02
1.244409344424237014e-02
1.360780462186802695e-02
1.611916462332388389e-02
1.682472185679264112e-02
1.138543024912228377e-02
1.473435685910227250e-02
1.528323776902386529e-02
1.185603407956156187e-02
1.472685247519923100e-02
1.351205370341222907e-02
1.487822106539105592e-02
1.379904323113140610e-02
1.238043433070210725e-02
1.392876310621797044e-02
1.598583085465867318e-02
1.150139509477599194e-02
1.287173493597993518e-02
1.277774340215901382e-02
1.145239958121377875e-02
1.520541195497389191e-02
1.466256700643936602e-02
1.676815575724521085e-02
1.204101804405106717e-02
1.472231723080356415e-02
1.714559337997705740e-02
1.442744413726303188e-02
1.312983281510463930e-02
1.079286801923623820e-02
1.166455443171626923e-02
1.278198447357149249e-02
1.753714751626196666e-02
1.365752109544929316e-02
1.493765736891018714e-02
1.430772535303827947e-02
1.452080293534828773e-02
1.310165445402003762e-02
1.266134787905909449e-02
1.624612452433057269e-02
1.689714545558679282e-02
1.865546929925535058e-02
1.386093441360631076e-02
1.567904069119010688e-02
