2.194998363112641432e-02
2.011811233887196224e-02
2.066685638798081148e-02
1.941053336866732995e-02
1.921739111343959486e-02
1.548583764776295148e-02
1.754814455403990933e-02
1.982340445769192189e-02
1.857650035912641190e-02
2.011550112866455908e-02
2.060537437064569738e-02
3.219453941462203234e-02
2.012965373836792318e-02
1.989207189261676945e-02
2.190503833974206255e-02
2.223653565990883763e-02
1.781614783909182126e-02
1.475778272475085362e-02
1.965054715926705872e-02
2.211884579107439505e-02
1.292373331047719578e-02
2.141647439525453528e-02
2.056873147470200669e-02
2.261311714446524040e-02
2.335481405571399396e-02
1.802750033376347358e-02
2.446857801587870584e-02
1.658374257063489898e-02
1.912998730617920112e-02
2.170663022727399583e-02
1.584404331827223358e-02
2.134673765421142219e-02
2.025825918297000441e-02
2.156026633847116930e-02
1.531621060570448334e-02
1.811881647259432765e-02
1.390525899489820742e-02
1.792160561221048734e-02
1.864368950197443572e-02
2.752624168216024486e-02
1.829518461002593854e-02
2.207919684402391211e-02
1.936702254939062437e-02
1.905443305972506773e-02
1.685991658683469799e-02
3.150363489009095491e-02
2.171589130187887712e-02
1.759693836043311685e-02
1.677646641831321769e-02
2.129807526401378270e-02
