1.419340622164022049e-02
1.395652073881643342e-02
1.480887410598620210e-02
1.249082877640496185e-02
1.463688230896312975e-02
1.221035332134445296e-02
1.190189340148145591e-02
1.589734885766976372e-02
1.255089166226870147e-02
1.812634394236046706e-02
1.275322442374317647e-02
1.448727879731459556e-02
1.684491238068568444e-02
1.242165882919591541e-02
1.028864261855290049e-02
1.038154671546370929e-02
1.294721676339860399e-02
1.046924212699876407e-02
1.757070432224925108e-02
1.352754611343846662e-02
1.602933203389802705e-02
1.478433318574451892e-02
1.283810856272495429e-02
1.610334222683917904e-02
1.584949692360561324e-02
1.414396960529817719e-02
1.553575242407942598e-02
1.641582030210997703e-02
1.446354174253318414e-02
1.199189455851153337e-02
1.504859381974953808e-02
1.258383835937244670e-02
1.347505455916403298e-02
1.389116741255356363e-02
1.306288395769668320e-02
1.280257821152743294e-02
2.019221285789371545e-02
1.859120342385934752e-02
1.878366081073584368e-02
1.557942637822322743e-02
1.186696046832257448e-02
1.323864468704764007e-02
1.859514174168234654e-02
1.057108926658800914e-02
1.682531266076114917e-02
1.473645910792457416e-02
1.141044403326628605e-02
1.420156495383527451e-02
1.192135272265015984e-02
1.488683616847815382e-02
1.335442798506992178e-02
1.351215570378595625e-02
1.723503884202230024e-02
1.329855946326765140e-02
1.329965344075283336e-02
1.362110579133541180e-02
1.581332123482440816e-02
1.568297321302864963e-02
1.305102734012832805e-02
1.442102946367714369e-02
1.199156347416452731e-02
1.443024067969702999e-02
1.459616540869401041e-02
1.421958633708982241e-02
1.597702202823686468e-02
1.521386214675703348e-02
1.341202318219781968e-02
1.381584971242516904e-02
1.254817983807372285e-02
1.762088112011803501e-02
