1.585051700775052391e-02
1.478561388296085674e-02
1.333273035620282862e-02
1.224295995443135283e-02
1.577256176441439728e-02
1.272040248583617209e-02
1.616509529404966741e-02
9.144210796454234000e-03
1.429057409403917435e-02
1.453627669577471290e-02
2.114272928535045060e-02
1.679785181455804507e-02
1.490610920373052622e-02
1.324427418336473518e-02
1.391280823469484736e-02
1.350687996671740346e-02
1.514350941439022644e-02
1.413172364289846765e-02
1.377113786849419250e-02
1.277746489777799831e-02
1.534786533834400432e-02
1.243790903539841904e-02
1.708426724314255490e-02
1.461642549537505754e-02
1.327962195924923747e-02
1.513811042156953425e-02
1.658536948495653238e-02
1.637014295893604240e-02
1.334307511748691541e-02
1.473866592290799804e-02
1.236184543739873333e-02
1.721000125557318322e-02
1.452613523730427771e-02
1.675380391163163243e-02
1.916664163323824124e-02
1.224653296674028599e-02
1.357631693381375175e-02
1.319394096339220925e-02
1.348097560620973266e-02
1.114529978166966737e-02
1.060091612549375097e-02
1.180220961528974724e-02
1.433165211821581068e-02
1.393237648948762210e-02
1.218750596068179058e-02
1.438599594296200920e-02
1.449570100046263486e-02
1.547046314303390097e-02
1.382531312058828121e-02
1.883455156477938444e-02
1.630844185444972963e-02
1.474077246354884262e-02
1.692432941293279050e-02
1.475374018921001527e-02
1.383275850323727706e-02
1.132720043026234566e-02
1.474842015325459645e-02
1.371476371199066048e-02
1.433964449269565372e-02
1.403939036234812428e-02
1.000857284494287118e-02
1.246497617745369151e-02
1.418527503089598782e-02
1.578523282557596150e-02
1.467146272465274723e-02
1.095093905689614733e-02
1.691660042887306245e-02
1.491558020993031218e-02
1.237959847472584578e-02
1.234723802289960058e-02
