1.243090945693989084e-02
1.498177415459417405e-02
1.150074319397918245e-02
1.991351635515421770e-02
1.451473818825143626e-02
1.399456636884984645e-02
1.196246777617441734e-02
1.511298808615967396e-02
1.307508193915300765e-02
1.433407790916836448e-02
1.223594050574359007e-02
1.375089686415562756e-02
1.922689103196403501e-02
1.558933348237400915e-02
1.457570574937619955e-02
1.967489875954876385e-02
1.338681639086500806e-02
1.493978013679538898e-02
2.149602727646332187e-02
1.156999532297089787e-02
1.585431443105356566e-02
1.835233104794592104e-02
1.404378690797052423e-02
1.044791228002909557e-02
1.754424108971457466e-02
1.288834320895132675e-02
1.350641514778328119e-02
1.264596080258949956e-02
1.997136642191297065e-02
1.582756647376242984e-02
1.416123899131972036e-02
1.425073340470931101e-02
1.231041338029182676e-02
1.513393942714110624e-02
1.491494812194979307e-02
1.456857789814407222e-02
1.068779636700642119e-02
1.438967176067875928e-02
1.603789275005431531e-02
1.234627917396886009e-02
1.397327932456849352e-02
1.583708602574852506e-02
1.313560067644412716e-02
1.497468938264676259e-02
1.298385513088652458e-02
1.106805697016045344e-02
1.343747108327670962e-02
1.219729697919294878e-02
1.622314521148743305e-02
1.438791746704011325e-02
1.043070325633019789e-02
1.364630498338089033e-02
1.635887505924434743e-02
9.598999067262957777e-03
1.201243886333059827e-02
1.483754167466905596e-02
1.340383851395050147e-02
1.730301284917799831e-02
1.277002704217209544e-02
1.378964649506491010e-02
1.599120218310279631e-02
1.444161486633278521e-02
1.830296317376856052e-02
1.256311877828941888e-02
1.362018150244651178e-02
1.170607814869976948e-02
1.576489761571165868e-02
1.016588903372792063e-02
1.540857951691697487e-02
1.151481108930930454e-02
