1.094677555160826314e-02
1.777151521832029749e-02
1.050933557842987850e-02
1.546337864096045643e-02
1.237446512906244418e-02
1.205023105355305241e-02
1.505750253419232965e-02
1.140439333501920734e-02
1.625227529835631887e-02
1.279615074389472106e-02
1.487043810838629097e-02
1.427109498648583205e-02
1.542517174832183126e-02
1.490385317379191825e-02
1.334936550269492060e-02
1.921587239657708904e-02
1.472976331294007478e-02
1.606866895391745320e-02
1.289027457174633448e-02
1.596022073851287651e-02
1.516804522729855130e-02
1.551834610797589789e-02
1.925571541068207479e-02
1.358319894478021705e-02
1.800377236972542164e-02
1.654594966385341745e-02
1.469819712645715343e-02
1.667651803093540830e-02
1.451525209685285839e-02
1.329226240731485285e-02
1.226249482250509407e-02
1.694655971965581404e-02
1.584415166446418236e-02
1.468537795734305325e-02
1.482490375456473920e-02
1.724663846812521384e-02
1.218871365452919506e-02
1.657923252925457003e-02
1.454303897474798317e-02
1.522082092818944146e-02
1.315366613836239755e-02
1.418795973293850328e-02
1.421448450408495552e-02
1.293531836294082443e-02
1.172821414501667298e-02
1.266340181693249856e-02
1.557169119703957945e-02
1.435924586723408107e-02
1.639175260887796443e-02
1.324626822638164114e-02
1.271469252395071581e-02
1.397655325645648025e-02
1.113258056367388317e-02
1.362680507362112013e-02
1.640407990405868405e-02
1.454833380286721899e-02
1.508788007933568182e-02
1.414679341976509720e-02
1.158968397747822329e-02
1.433620821209722132e-02
1.003252556782393071e-02
1.234510800783357627e-02
1.701327837184072808e-02
1.272708281519361641e-02
1.141782204044674773e-02
1.476515198094206435e-02
1.130491849938493852e-02
1.441753392208394019e-02
1.316633920896715174e-02
1.288468973634279875e-02
