1.459549612284089491e-02
1.449966840384546776e-02
1.461728606461579726e-02
1.179739497039483838e-02
1.439976957397001885e-02
1.240884666169725890e-02
1.485743300259206173e-02
1.280869024747345077e-02
1.272939925404185067e-02
1.318460451956977517e-02
1.770348981556987833e-02
1.207940465302793746e-02
1.355193162376064700e-02
1.470188045314525620e-02
1.320992433322753200e-02
1.238086500515749033e-02
1.276130219143160015e-02
1.360548539383113140e-02
1.370549088153659098e-02
1.662297072789399588e-02
1.266352947857265175e-02
1.813922017547484056e-02
1.544574552454651764e-02
1.318241254078337914e-02
1.130784643307988432e-02
1.612921429017565023e-02
1.676853267037920966e-02
1.302708026592808155e-02
1.523266314957123259e-02
1.132291055656497666e-02
1.423534327056115087e-02
1.326271059896014237e-02
1.119076831069334629e-02
1.088745171015696907e-02
1.684295897654674093e-02
1.377110642692078689e-02
1.470172614065694099e-02
1.556820465746851928e-02
1.317664640626372945e-02
1.135219788745554272e-02
1.395214569847168934e-02
1.148471259575960940e-02
1.345538747502259685e-02
1.073197368612594654e-02
1.411934252923526499e-02
1.541564817497352059e-02
1.362651694679942529e-02
1.380373995144699995e-02
1.389115441970353859e-02
1.290705399335279578e-02
1.627883085325486021e-02
1.824710583363147939e-02
1.866969014554399273e-02
1.617465981134693156e-02
1.371713248999632991e-02
1.760203258087789449e-02
1.632292512413362900e-02
1.589906441301768350e-02
1.525865399820038742e-02
1.195788513355932996e-02
1.518523819545191354e-02
1.749693809411686021e-02
1.204720707874661068e-02
1.675565066523791724e-02
1.434576526671668684e-02
1.634652746717683847e-02
1.958428275095988949e-02
1.360068187096485047e-02
1.246645055300511264e-02
1.422599883278568775e-02
