1.715244438633631990e-02
1.557174035828150227e-02
1.435186102071474117e-02
1.390744008245107730e-02
1.348079253495269858e-02
1.365441061141992735e-02
2.054268749186328319e-02
1.181954703959850819e-02
1.415830565477363932e-02
1.429849452670764985e-02
1.685036006896781929e-02
1.063878666171842909e-02
1.560900704960782245e-02
1.779612971545073766e-02
1.723657554095552394e-02
1.086952070162061114e-02
1.867217135169565653e-02
1.085540359795184213e-02
1.536745700327024622e-02
1.491513653790272828e-02
1.394601902356901874e-02
1.315063671753896601e-02
1.314215163873065986e-02
1.469160713996990955e-02
1.508703340334063142e-02
1.950739795226773612e-02
1.676547347371152435e-02
1.381598679138585500e-02
1.504892353464261021e-02
1.504408305343917472e-02
1.796224088047387174e-02
1.472138800380470326e-02
1.172117666547855749e-02
9.358891198522734101e-03
1.484013760927644678e-02
1.279618650522060773e-02
1.320756685057751859e-02
1.359133685175106451e-02
1.283018030127053635e-02
1.408560743572088644e-02
1.483231856024885310e-02
1.238255490764604387e-02
1.177107753151872271e-02
1.475224045955069764e-02
1.756861612416567298e-02
1.062031730470466492e-02
1.370121588040124072e-02
1.887343362614451320e-02
1.489219746102731987e-02
1.367070149332429325e-02
1.289076554479586315e-02
1.548277039485183686e-02
1.318131957002374385e-02
1.848095678887442736e-02
1.217925126347027716e-02
1.164439723830605275e-02
1.674070294834760150e-02
1.184981599510294761e-02
9.481127152472948114e-03
1.511396289919748025e-02
1.658481434483887254e-02
1.314125934255543429e-02
1.221433234454643961e-02
1.247583572621335964e-02
1.151618349502758418e-02
1.429146310821978808e-02
1.212577508516063385e-02
1.443790298544153292e-02
1.681416124793954844e-02
1.322623220894798834e-02
