1.969563748623869709e-02
1.457422110831449111e-02
8.126183855535092787e-03
2.137167839079502987e-02
2.032148759202647217e-02
2.712962332795774631e-02
1.412736372889618688e-02
9.666520759101723814e-03
9.528903153922428648e-03
1.278604187478405048e-02
1.240398545212723080e-02
1.489911183711789891e-02
1.421352739330418447e-02
1.179259712705727457e-02
2.688192753032865590e-02
2.291154516542947411e-02
2.127644700308407855e-02
6.247906997505246057e-03
1.151938007934726754e-02
1.455831154275249485e-02
2.004036610459448975e-02
1.304078147590902702e-02
1.095311783757440052e-02
7.651543603897466121e-03
1.283630440894287413e-02
6.566348822537860369e-03
1.734195426970663520e-02
2.186407825298547838e-02
1.675172419212999850e-02
1.103570227268981310e-02
6.229755743851944465e-03
1.773177918858814470e-02
9.011660548933196971e-03
2.139506274845234118e-02
1.186891587847859614e-02
1.256034516093492565e-02
1.532317316577064444e-02
2.047022359222429311e-02
1.234384472798913564e-02
1.077227897936532466e-02
1.301324317146532530e-02
1.432490130778144369e-02
1.788853464156245007e-02
7.498037564990794532e-03
1.002097094004218529e-02
1.040426382545891863e-02
1.243646875970359257e-02
2.615214663004401460e-02
1.150841579023977219e-02
1.148081368476794144e-02
1.673846416140425605e-02
1.261937859092751753e-02
1.602653342998315925e-02
1.487323727782593856e-02
1.311640758436793952e-02
1.524158597901444437e-02
1.624400844448316283e-02
1.973726584777821605e-02
1.811289103771470538e-02
8.711737453154500682e-03
1.194153089385738969e-02
1.060006037690912686e-02
1.691738788295412202e-02
9.865782245530349548e-03
1.894117052807598942e-02
9.483641534520997896e-03
1.271709939330828432e-02
1.070047416199205320e-02
1.328996660338485451e-02
9.572217875574322299e-03
