1.606218561732977029e-02
1.385808232436887624e-02
1.282385678213301093e-02
1.500249095780668666e-02
1.260110228874742992e-02
1.031206511528364594e-02
1.115352359747356394e-02
1.145766093614520101e-02
1.304167090017042084e-02
1.677106740446695013e-02
1.574207879262990231e-02
1.748264365443375629e-02
1.061415014865462088e-02
1.423016169502203457e-02
1.457177888098975561e-02
1.500596604660728133e-02
1.659351241125307796e-02
1.416692546970306152e-02
1.341831074908553592e-02
1.480692883466162846e-02
1.387972324444700610e-02
1.348943808899971154e-02
1.462175330239646499e-02
9.902615620590537321e-03
1.631872308866679638e-02
1.434831318114405951e-02
1.219836378095877187e-02
1.659411692422612175e-02
9.109845868359592660e-03
1.271646890159037861e-02
1.546826543244569398e-02
1.663130745924863013e-02
1.413418748363481046e-02
1.546210860926486470e-02
1.231424146229840449e-02
1.515897197815261298e-02
1.275033735207240816e-02
1.674287148367400307e-02
1.506618188953172920e-02
1.063950247411717814e-02
1.213036321372400368e-02
1.667137051869750294e-02
1.847435749315906942e-02
1.352051148172562708e-02
1.412371776773703284e-02
1.512868676806130089e-02
1.698953787898415183e-02
1.438163247105875980e-02
1.637839109375899965e-02
1.179410622521888732e-02
1.349740389138720173e-02
1.489301710074149125e-02
1.478339880154913230e-02
1.824491747673548034e-02
1.249046085461121003e-02
1.183307039800821081e-02
1.453548989511675195e-02
1.353526722228593979e-02
1.492158869226163122e-02
1.599600907984822726e-02
1.526977615518628796e-02
1.265637440099638689e-02
1.395353180751016803e-02
1.747758068196188230e-02
1.630490777459964527e-02
1.587995452689894629e-02
1.196195886331011433e-02
1.608376652794350423e-02
1.430961305531174357e-02
1.451573764882446022e-02
