1.300000000000000000e+01
2.500000000000000000e+01
2.500000000000000000e+01
2.500000000000000000e+01
2.500000000000000000e+01
2.500000000000000000e+01
2.500000000000000000e+01
2.500000000000000000e+01
2.500000000000000000e+01
2.500000000000000000e+01
2.500000000000000000e+01
2.500000000000000000e+01
2.500000000000000000e+01
2.500000000000000000e+01
2.500000000000000000e+01
4.200000000000000000e+01
4.200000000000000000e+01
5.900000000000000000e+01
5.900000000000000000e+01
4.200000000000000000e+01
4.200000000000000000e+01
4.200000000000000000e+01
4.200000000000000000e+01
4.200000000000000000e+01
5.900000000000000000e+01
5.900000000000000000e+01
5.900000000000000000e+01
5.900000000000000000e+01
4.200000000000000000e+01
4.200000000000000000e+01
3.700000000000000000e+01
3.700000000000000000e+01
3.700000000000000000e+01
3.700000000000000000e+01
3.700000000000000000e+01
3.700000000000000000e+01
3.700000000000000000e+01
3.700000000000000000e+01
5.900000000000000000e+01
5.900000000000000000e+01
5.900000000000000000e+01
3.700000000000000000e+01
3.700000000000000000e+01
3.700000000000000000e+01
3.700000000000000000e+01
3.400000000000000000e+01
1.000000000000000000e+00
1.000000000000000000e+00
1.000000000000000000e+00
1.000000000000000000e+00
4.200000000000000000e+01
4.200000000000000000e+01
4.200000000000000000e+01
5.900000000000000000e+01
5.900000000000000000e+01
5.900000000000000000e+01
5.900000000000000000e+01
5.900000000000000000e+01
5.900000000000000000e+01
5.900000000000000000e+01
3.400000000000000000e+01
3.400000000000000000e+01
6.200000000000000000e+01
6.200000000000000000e+01
4.200000000000000000e+01
3.000000000000000000e+01
4.900000000000000000e+01
4.200000000000000000e+01
4.200000000000000000e+01
3.000000000000000000e+01
3.400000000000000000e+01
4.200000000000000000e+01
4.900000000000000000e+01
5.800000000000000000e+01
5.800000000000000000e+01
1.000000000000000000e+00
2.700000000000000000e+01
1.000000000000000000e+00
3.000000000000000000e+01
8.000000000000000000e+00
2.700000000000000000e+01
3.900000000000000000e+01
3.000000000000000000e+01
1.300000000000000000e+01
1.000000000000000000e+00
1.000000000000000000e+00
2.700000000000000000e+01
2.700000000000000000e+01
1.000000000000000000e+00
1.000000000000000000e+00
