1.393530999801273138e-02
1.938783785191140405e-02
1.362607356881380578e-02
1.366180031450908196e-02
1.992511395652951309e-02
1.225388330673252493e-02
1.586498076085647232e-02
1.315313231980093714e-02
1.488008832337477973e-02
1.500072890620325269e-02
1.323000203610402888e-02
1.380773694682329959e-02
1.461595008580108927e-02
1.306325950382976157e-02
1.149732159794371843e-02
1.265499929384747251e-02
1.506677427227307020e-02
1.561495050592651319e-02
1.469784220187664303e-02
1.144160045199337644e-02
1.374100868833558024e-02
1.192596992183084410e-02
1.363567834793567857e-02
1.429687938703572136e-02
1.298624575696852822e-02
1.925958697798418884e-02
1.438043312225967436e-02
1.584004120157336132e-02
1.466148363723142681e-02
1.158748040022561723e-02
1.711298733172345390e-02
1.483639031282624546e-02
1.542414165438861680e-02
1.517106024417757756e-02
1.351894781311482538e-02
1.517699483812813728e-02
1.526459164707481136e-02
1.771666162294370517e-02
1.456846769034582378e-02
1.334322343974519813e-02
1.365033385594214936e-02
1.362091808605578845e-02
1.954790086461069901e-02
1.196061183337830160e-02
1.507513340111432676e-02
1.145134752904081350e-02
1.229671801331458023e-02
1.229480986468206583e-02
1.412070501452541808e-02
1.652750884823413202e-02
1.061688555092845168e-02
1.567660439246750317e-02
1.618420016917000714e-02
1.196016939120637772e-02
1.191625738355421744e-02
1.330345352531545240e-02
1.254408606403187992e-02
1.331562961273306464e-02
1.224010522428728258e-02
1.695281722449270764e-02
1.296073744130345033e-02
1.373736050039752951e-02
1.412801282036495534e-02
1.565542224586863665e-02
1.681453196245984161e-02
1.284299904469778791e-02
1.325704133780412908e-02
1.426378817590110218e-02
1.427521598303184251e-02
1.498103440007305699e-02
