1.461546544645957874e-02
1.480407988379224549e-02
1.215118605537039362e-02
1.377047903408360613e-02
1.537246286584331538e-02
1.422548455398531080e-02
1.541878142515431399e-02
1.552009360589433687e-02
1.273988266559543045e-02
1.313804929099747845e-02
1.551753138174993482e-02
1.346038461627255961e-02
1.423371187983758605e-02
1.908889059341489780e-02
1.160535419730555212e-02
1.451488807982709642e-02
1.631590304373826961e-02
1.283331170928660170e-02
1.214927373938568499e-02
1.631249718050791983e-02
1.220259671343892557e-02
1.591858216756223549e-02
1.470700104132554101e-02
1.630213266634019526e-02
1.229109541862851221e-02
1.549383884350631971e-02
1.349849696566443255e-02
1.393695209932900754e-02
1.534359101029946458e-02
1.382449294666567019e-02
1.173590453365696076e-02
1.617997122790900896e-02
1.187921996094749681e-02
1.572783270678207793e-02
1.109655180600508523e-02
1.609090650783451260e-02
1.265874187642425201e-02
1.205974173927611311e-02
1.426696601937833472e-02
1.721716785384551363e-02
1.396189865086895458e-02
1.019594286888549778e-02
1.610906650707589691e-02
1.327121352598666440e-02
1.508949282954335190e-02
1.742983901591261750e-02
1.600469327347403548e-02
1.567428480528655285e-02
1.133376670242274183e-02
1.349470715239075788e-02
1.674971332237473742e-02
1.248066245264281039e-02
1.455952372939061865e-02
1.568147219979864476e-02
1.641313196579804665e-02
1.044615716762244302e-02
1.240691623349105856e-02
1.518703477419175267e-02
1.783051588614601585e-02
1.796709554425935523e-02
1.485076244747557395e-02
1.339973405338542797e-02
1.338515678006223925e-02
1.374581461832415780e-02
1.698292339861378827e-02
1.143092967437317302e-02
1.145469984571854775e-02
1.344383062627275451e-02
1.364304701673136125e-02
1.515647757815861973e-02
