1.153460690229014471e-02
1.523054748292214204e-02
1.146552393252123388e-02
1.424697010786838726e-02
1.406342773875988821e-02
1.294851112960602145e-02
1.867846975215457783e-02
1.056083694585243336e-02
1.391168625654602350e-02
1.340920641561704936e-02
1.139951796562113651e-02
1.394303780951333498e-02
1.487999729557095557e-02
1.565863748630219945e-02
1.625487593318461835e-02
1.317111748007494983e-02
1.486806596734114964e-02
1.652283004945278438e-02
1.129077257762702534e-02
1.265874657612927820e-02
1.357054692872099178e-02
1.250287300754182596e-02
1.849602100401031776e-02
1.756156639181915072e-02
1.375069724398645873e-02
1.050058254995002958e-02
1.447292778386617511e-02
1.688749370263248339e-02
1.080843716608203588e-02
1.194019224156917316e-02
1.114800019019999110e-02
1.446698247688505030e-02
1.907305897128528868e-02
1.649804916593097456e-02
1.470003983053458710e-02
1.815305048090360210e-02
1.593788726158336388e-02
1.423664400564164656e-02
2.059426075611353255e-02
1.801354962402492918e-02
1.294713842273528641e-02
1.029867210973675271e-02
1.545706027040905442e-02
1.485204483012168668e-02
1.347179302724192673e-02
1.325542945465109368e-02
1.340657316151495915e-02
9.921733759869377778e-03
1.081851661300075804e-02
1.232987084464264027e-02
1.443659401665127115e-02
1.336138475951473455e-02
1.401065372404901831e-02
1.230164501368006397e-02
1.671101973997728835e-02
1.558961262307273325e-02
9.606966204594795736e-03
1.435270376519219050e-02
1.308854544057173538e-02
1.291584408245534908e-02
1.508289313372968010e-02
1.265246075451990394e-02
1.469170677589607711e-02
1.455576934152623576e-02
1.692665958544704516e-02
1.680254820061766186e-02
1.452495874168060162e-02
1.782109044983135049e-02
1.670384335560383057e-02
1.709402120922784776e-02
